-0.001708670062564856748  -0.002239634657723694414  -0.004076524397513973767  
-0.008183711960464858451  -0.01066864528373954492  -0.01975118693073090945  
-0.0200599066286581279  -0.02573635563225669387  -0.04913026338786136149  
-0.03619418776723090647  -0.04526615039065161328  -0.08939822856752707714  
-0.05553702701341679121  -0.06809960648211631218  -0.1378802835674407812  
-0.07650757845146780034  -0.09394446362215934376  -0.1927514061823464575  
-0.09758365750969019703  -0.1221934069047573429  -0.25223153354387301  
-0.1177781404601835613  -0.151321583825847733  -0.313517782464785566  
-0.1361863692507531975  -0.1797650662249780651  -0.3739167170220998315  
-0.1521404104984965255  -0.2067371652475089583  -0.4318494613767709933  
-0.1654777951672177505  -0.232122004983023017  -0.4865668307316371455  
-0.1763550405438838176  -0.2559150153315103982  -0.5377931276464449351  
-0.1853146063580323188  -0.2779418004439216383  -0.5854177914191460719  
-0.1930968577678510711  -0.2982269449101076497  -0.6294041398183015668  
-0.1999973656855391912  -0.316929654987837317  -0.6699552772532284539  
-0.2056965900926575885  -0.3338084932147992734  -0.7073866344069017487  
-0.2092940861980167322  -0.3485331967904620187  -0.742052368883892921  
-0.210092625260742627  -0.3618792013502424298  -0.7740168792854620339  
-0.2087559552542358476  -0.3752742745900673471  -0.802490728039418566  
-0.2065516349086314596  -0.3887878515066019447  -0.8267771180352059268  
-0.2040771325429172334  -0.4011966646055028507  -0.8470357334979552455  
-0.2012040675527312361  -0.4116374599803126477  -0.8636418995888371919  
-0.1975412739358938241  -0.4203679549662638348  -0.8769844277112296416  
-0.1930257581307525117  -0.4284354059472045839  -0.8873652595056354953  
-0.1880108832294412335  -0.4367239486628319289  -0.8948760206095747183  
-0.1828920209697219301  -0.4454394845675901382  -0.8999633443057193372  
-0.1779457175026229743  -0.4539824265136424009  -0.9033889362349591945  
-0.1730857264684007857  -0.4617189704027372943  -0.9057131756526578537  
-0.1678904134706876716  -0.4687185699223860857  -0.9071607536791915782  
-0.1623079000356505708  -0.4748374321989166091  -0.9074751846689190771  
-0.1568211424321830638  -0.4795865731307247803  -0.9059424389676768996  
-0.1520846563150594355  -0.4830052421857940481  -0.9019496299506086778  
-0.1486547434645073829  -0.4858962664007550059  -0.8956578533894429262  
-0.1467464628115115743  -0.4890900817539628465  -0.8881106849955360261  
-0.1461563568991805506  -0.4924148798464434429  -0.8806363131573783365  
-0.1462404678703052019  -0.4950396160046516836  -0.8741530512878948889  
-0.1460691443824295721  -0.4965486711476428949  -0.8691676088765788455  
-0.1449138197826140562  -0.4969207433067430735  -0.8657499365334225816  
-0.1415344934244210651  -0.4967302922124780529  -0.8639814305492212743  
-0.1339340896965069971  -0.4972383197743436845  -0.8643078381071251926  
-0.1222645184972035309  -0.4978872040467971494  -0.8662415284849228625  
-0.1093937333687683006  -0.4963440390432503624  -0.8684167361752918035  
-0.09774059858496807196  -0.4920046507702348082  -0.8703655803616213715  
-0.08818105148487033473  -0.4858564844438265085  -0.8728081531539170212  
-0.08077649779403256458  -0.4786841314696440586  -0.8766363709062425791  
-0.07510816208292891982  -0.4711698904683465083  -0.8820993844378148818  
-0.07067524402314397103  -0.4639251560287973586  -0.8886489398475598822  
-0.0672210799098668238  -0.4572735522008567477  -0.8954019049863722879  
-0.06463058428363892272  -0.4512729956506509876  -0.9015832854045136013  
-0.06272098587019239724  -0.4457626783801912906  -0.9067300947085560336  
-0.06125149195512945982  -0.4405259841744119664  -0.9108341727631130702  
-0.06006214109169955018  -0.4354600077993309171  -0.9141239679905845961  
-0.05918532193522502843  -0.4305931642723432873  -0.9167058284109314004  
-0.05885951728050186488  -0.4260687928248533818  -0.9186626826395870582  
-0.05938375418856769311  -0.4220043188451546579  -0.9200444395994153979  
-0.06084924788533681295  -0.4184848553934979454  -0.920798854458245053  
-0.06294475594500296978  -0.4158494613040344401  -0.9210655378487535572  
-0.06503501729339518367  -0.4146555365189796283  -0.9209507028652800242  
-0.06640971339770736226  -0.4153638435044539334  -0.9200846478660146266  
-0.06651571771855015192  -0.4178885437208501585  -0.9178354587263033437  
-0.06526890819528759213  -0.4215231824769992142  -0.9139595863755954896  
-0.06318156735501545551  -0.4255789764843051493  -0.9089837062580642391  
-0.06088224409835929496  -0.4297182917045450634  -0.9039640065901404231  
-0.05871498950874855238  -0.4337797746835226342  -0.8998258363103137647  
-0.05683018669823438479  -0.4377809805804400156  -0.8967526026665504357  
-0.05532263440568015861  -0.4419483207954420512  -0.8942285981152386931  
-0.05424525096687916187  -0.4465261571500355742  -0.8915689396186201598  
-0.05359831284434530413  -0.4517673817075431031  -0.8880707820526100305  
-0.05330652866310443133  -0.4578822955551959395  -0.8831669562988714306  
-0.05313232875325751142  -0.4648387797402850907  -0.8768484333452277735  
-0.05259386801629623021  -0.472555074890034954  -0.8695030165625012852  
-0.05121863456395044784  -0.4805685265008433626  -0.8617921836172651728  
-0.04904048526436406014  -0.4877440072282636652  -0.8546814529429643814  
-0.04645227265925232218  -0.4933596422061904407  -0.8489745967026367524  
-0.04383367809279175437  -0.4975331426309754779  -0.8449879664762488529  
-0.04156698422669218018  -0.5006330507417929843  -0.8426404116226172691  
-0.03991212213911959905  -0.5030780065534593559  -0.8416134985352673459  
-0.03879946469660860292  -0.5051923212592145385  -0.8414778975972844188  
-0.03896343062017354475  -0.5070341407953201651  -0.8417583203423008031  
-0.04199506859584473811  -0.5084012436123508394  -0.8420867525796658093  
-0.04813246827774773223  -0.5090326022648785642  -0.8424060094216545558  
-0.0564855787725693434  -0.5088300561267313782  -0.8428327136471909231  
-0.0663332874205357359  -0.5078380274917156934  -0.8433990943684358532  
-0.07711750600109970599  -0.5062141290097588175  -0.8440152969506173886  
-0.08844869952123787793  -0.5041916985179872857  -0.8446151949096808442  
-0.1000685204158857644  -0.5019604210694019741  -0.8451582009953184649  
-0.111809101176336953  -0.4996545843508014006  -0.845570278852746271  
-0.1235145569802757054  -0.4974442716322569069  -0.8457892118271738147  
-0.1349453067454066124  -0.4954862323671916924  -0.8457568602504277333  
-0.1458322767388222363  -0.4937795454050684096  -0.8454741842030316645  
-0.1559735667775748458  -0.4922407679344588671  -0.8450395170794241517  
-0.1651786100084488285  -0.4907994391725708505  -0.8446208143577789151  
-0.1732067926563854443  -0.4893866584187900326  -0.8443396171459408572  
-0.1799728010002935863  -0.4878914779247561784  -0.8441452485849278986  
-0.1856742978217680584  -0.4861869586644260166  -0.8439069946436286163  
-0.1905907748521569189  -0.4842851860549596821  -0.843642094246511598  
-0.1949771504346972106  -0.482359464759423151  -0.8434896043977700986  
-0.1990963355331044349  -0.4806150779940936424  -0.8435265915062399866  
-0.2031070331320903588  -0.4791855810919331549  -0.8437287037541235657  
-0.2070182229636633453  -0.478072666216342701  -0.8439949705092709697  
-0.2107164146113728875  -0.4772328737690068601  -0.8441706297480958687  
-0.2139858749039273145  -0.476753055574279494  -0.8440668558831394552  
-0.2167145143159940057  -0.4767495771633708523  -0.8436097563061426552  
-0.2189856774316993882  -0.477171517266319456  -0.842907499474739752  
-0.2209910225068349443  -0.4779180112047104467  -0.8421731730984269859  
-0.2229633366862571464  -0.4789666388103254735  -0.841606291934759887  
-0.225096364688813555  -0.4803149071706148132  -0.8412385923767637941  
-0.2275166581794022536  -0.4819378533565550904  -0.8409933049938420613  
-0.2302453510620805499  -0.4837106979771063076  -0.8408859872537332025  
-0.2331581412191986724  -0.4854153433438269105  -0.8410536653174065513  
-0.2360926306161332255  -0.4868735711583281889  -0.8415234393620916187  
-0.2390421912864630349  -0.4880908852512746976  -0.8420959157066558731  
-0.2422768983188186287  -0.4892679200093568714  -0.8426732438888363541  
-0.2461380523861127767  -0.4906200290788246821  -0.8433578606343291595  
-0.2506202702380369018  -0.4922958273552947017  -0.8441005285175144923  
-0.2554033656282388987  -0.4943488789835253083  -0.8447689376315811183  
-0.2602542922886209587  -0.4966975111715101754  -0.8453620465987495836  
-0.2653924948973238607  -0.4991892533432310541  -0.8461957279114167285  
-0.2716757693671308926  -0.5018313601536925628  -0.8478700219879649058  
-0.2801270388593620209  -0.5048335939733691324  -0.8506526276561793276  
-0.2914567648320843807  -0.5084502525256358041  -0.8545483861416187654  
-0.3059862944883540714  -0.5128935210963774249  -0.8600155296230286295  
-0.3234141012377880764  -0.5182407302366283108  -0.8676543570435103492  
-0.3428233189251470581  -0.5247380088949997745  -0.877053800907287906  
-0.3628077327321206913  -0.5327007378289511097  -0.8868446946639713113  
-0.3816618353614237846  -0.541719747506613003  -0.8956468034778818366  
-0.3981361728752197404  -0.5506552099349264484  -0.9026588171969800456  
-0.4119565803923193603  -0.5583533847998659594  -0.9080635036532078708  
-0.42361568813255851  -0.5644595750665514222  -0.9115832741691145547  
-0.4344382088419379562  -0.5694822357759424802  -0.9114772173012956058  
-0.4459745217925231708  -0.5736236975259204618  -0.9062544934013242459  
-0.4586266628380920585  -0.5761504215299051435  -0.895226256972131651  
-0.4719177264196048327  -0.5760094327251286117  -0.8780269313829023314  
-0.4855014633204318142  -0.5723825692371161677  -0.8548642546128125685  
-0.4992499852658189852  -0.5649596041840224681  -0.8265595633786890772  
-0.5130101956037268485  -0.5542604795682944951  -0.7934892826339940974  
-0.5268659284556772571  -0.5415023982699395111  -0.7547705662468067178  
-0.5413817047232090118  -0.5279501711788956442  -0.7097759929767775144  
-0.5571407727640270702  -0.5144597843677878313  -0.659617252538855281  
-0.5746530824835509588  -0.5013754355634267856  -0.6070865761160072482  
-0.5944674335834374546  -0.4888282763642559647  -0.5554932358292473671  
-0.6168043071001286792  -0.4773111253233289775  -0.5064680256605240682  
-0.6413637403074277099  -0.4666892699114965626  -0.459806862241452674  
-0.6665668937607299727  -0.4555491885011866415  -0.4152985579825262397  
-0.6900308646390358458  -0.4429423593831425809  -0.3730171166306609498  
-0.710786535766760097  -0.4290120847313190211  -0.3326632230745182328  
-0.7291536706392715006  -0.4143366741667758868  -0.2937608590873836412  
-0.7456188092380985344  -0.3995265125742301637  -0.2560945546024598896  
-0.7607258887753937104  -0.3849124414525812998  -0.2196551586041219639  
-0.7748573921461225922  -0.3706999075601384308  -0.1846072246244603032  
-0.7881736136395206538  -0.3571277491316559582  -0.1514067219391993513  
-0.800709345901457592  -0.3443293929646331075  -0.1206139691755260396  
-0.8123180269681921084  -0.332202543084465951  -0.09277229624302003874  
-0.8227331085325868543  -0.3204805638708135285  -0.06834593392301631376  
-0.8317101730498217549  -0.3090406755040966402  -0.04755978936027058235  
-0.8390505197846386265  -0.2981643848906698202  -0.03038859520561432853  
-0.8449151475805366518  -0.2884321933461289067  -0.01656916447497668032  
-0.8500058903851376302  -0.2802522304105882212  -0.005944300856443712408  
-0.8549878651287683429  -0.2735577172542398294  0.001427285706573809586  
-0.8600907069737041555  -0.2680276258244139176  0.005722096350073015147  
-0.8653418736615988704  -0.2633862486697257643  0.007449848754070616079  
-0.8706501195954183814  -0.2594656657622039231  0.007196410362606618649  
-0.8756379063035319987  -0.2561614413025850578  0.005420318673955367567  
-0.8799268640799479124  -0.2534535763583194989  0.002312705174160488951  
-0.8836603114305970896  -0.2514191376960698276  -0.002400393072635572701  
-0.8873423721386474172  -0.2500797074056215763  -0.009282519503031627997  
-0.8913210596708625033  -0.249311229007123325  -0.01850851200413223749  
-0.8956277840777981947  -0.2489601732063234929  -0.02963181505378464226  
-0.9000428482607626401  -0.2489682619358133675  -0.04191869013294486496  
-0.904284483568832953  -0.2493092809298305956  -0.05466754220362967515  
-0.9081460366928597594  -0.2498335706437487258  -0.06732802820814656752  
-0.9114859266773536195  -0.2504667774816160541  -0.07940202862046222276  
-0.9142178161099381306  -0.251207586968733243  -0.09042271060149342787  
-0.9161837049321968074  -0.2517338878427708426  -0.1000375519857236994  
-0.9171224946615598173  -0.2516172443046229557  -0.1079818854820547569  
-0.9169811598848928158  -0.2507148763999886287  -0.1141754377882183147  
-0.9160315236226814761  -0.2490588447849308162  -0.119231290907648349  
-0.9144708719540182162  -0.2467564106018989845  -0.1244824565460467547  
-0.9122779132465982377  -0.244041180111152306  -0.1311026221664594871  
-0.9093554783922441764  -0.2412425749142607379  -0.1397834602912229329  
-0.9053531017808195136  -0.2387063319122763316  -0.1504764168059759821  
-0.8995769076794043473  -0.2366426145842444873  -0.1619321328110696345  
-0.8912700338834806946  -0.235063273095225983  -0.1725064202621218457  
-0.8799301079876485909  -0.23391690200753254  -0.1811194255730827485  
-0.8653712675594964487  -0.2331507022034143284  -0.1875101070626325472  
-0.8476539812063526025  -0.2325076855182725277  -0.1922301337216900108  
-0.8267408200032457799  -0.2315692440052563583  -0.1967138601408583154  
-0.8018406986941476466  -0.2303231832049962291  -0.2037480558297584121  
-0.7714021505743102747  -0.2293207797855979224  -0.2172303650087044069  
-0.7340214623068689326  -0.2292580821595578688  -0.240508327027173674  
-0.6894849752872226345  -0.2304868539094088453  -0.2750233052992413496  
-0.6393484313097830274  -0.2326362448248404935  -0.3198640812465246563  
-0.586007732177808438  -0.2348851384663594444  -0.3717379951247288261  
-0.5309292123984650225  -0.2366678198370161801  -0.4266040923453865985  
-0.4746768649274503149  -0.237847928553165  -0.4816750945567630504  
-0.418032750997218816  -0.2383920484991946254  -0.5356398276497008615  
-0.362198653548150673  -0.2381114338018355536  -0.5882777236400004162  
-0.3082911116825532982  -0.236870339136884378  -0.6402511153383859677  
-0.2569404626388548385  -0.2349790272965184279  -0.6923186886015543218  
-0.2082289188474346076  -0.2329849753261858947  -0.7444306307849476445  
-0.1619554985855263252  -0.2310338820927338443  -0.7959683340504765114  
-0.1180570980057637498  -0.2285797483649620876  -0.8463966186488806054  
-0.0766453462212120934  -0.2249690716711315874  -0.8954013277286616557  
-0.03798134065859713748  -0.2201711964168190094  -0.9425013669490244217  
-0.002498432793086587805  -0.2145291543003676193  -0.98650871009277874  
0.02957196052867046981  -0.2083432127249533472  -1.025960449596742485  
0.05832865117547548356  -0.2018948072437175556  -1.059771964059829985  
0.08405320910753749652  -0.1954158074568128622  -1.087392565614782924  
0.1071274016910756938  -0.1890648321564235845  -1.108998907178722515  
0.127760009676738201  -0.182952868067365243  -1.125388211969878149  
0.1459588906261813646  -0.1771833762930301037  -1.137583175850864547  
0.1618297949040701789  -0.1718373691905345502  -1.146587029396259449  
0.1755440342923818287  -0.1668936158978468476  -1.153246342518704726  
0.1871325177727667655  -0.1622318094366290708  -1.158114517770762797  
0.1966515632450327733  -0.1578763901897375643  -1.161431107178466648  
0.204329245038532531  -0.1542055020427730572  -1.162944412767637381  
0.2104509424636977488  -0.1516238436156748526  -1.162010183603310987  
0.2152489844423471632  -0.1502821616887033973  -1.158302257525859913  
0.2187829780286364434  -0.150183774910249257  -1.151996961763341432  
0.2210013988023923348  -0.1511981372817476077  -1.143441259028465051  
0.2219636986576001003  -0.1531908763368566573  -1.132994180096337677  
0.2219709801380766456  -0.1563700688989167475  -1.12096030658609247  
0.2216721395276552986  -0.1612808233715466999  -1.107585915993042125  
0.2217030426318849501  -0.1683220331273324599  -1.093101584438158635  
0.2220649801758437236  -0.1775692544689372598  -1.077968094751863282  
0.2223135445434273882  -0.1892783403519974761  -1.062928114373654642  
0.2223446945695548571  -0.2042623284360895741  -1.048560260469376892  
0.2225372359621498042  -0.2229831417461769771  -1.034509605965619583  
0.2230575647436405795  -0.2449139759196669042  -1.019300241244245786  
0.2236476035397579609  -0.2698354063695485028  -1.001376407904403187  
0.2241209594522081683  -0.2983365325482465469  -0.9799157743701158996  
0.2245977098668069383  -0.3307272718025456304  -0.9551188655640298064  
0.2254242746356605598  -0.366652141382925234  -0.9280170958642788293  
0.2268302215314444148  -0.4052965720225456536  -0.8994388880597319336  
0.2284745295839441248  -0.4455551027546489906  -0.869135079893068152  
0.229601651099068077  -0.4864770047164446165  -0.8362535941544072537  
0.2294739804518830251  -0.5274668835265738931  -0.8002800334273105776  
0.2276313342318035116  -0.5679809791925927165  -0.7609559353159333073  
0.2240078503346610572  -0.6074858804815430613  -0.7182200690275053478  
0.2185164399384471601  -0.6457805497244129  -0.6717971031258587189  
0.211002080207425613  -0.6829125841024983323  -0.6210632600297745221  
0.2017406895639574649  -0.718710499160600369  -0.5661449699612842723  
0.1911907081578807788  -0.7525875965407382573  -0.5078064584348148669  
0.1796229090335433043  -0.7838791440375429964  -0.4466720290070913535  
0.1672240934783146005  -0.8121428759741038395  -0.3833423460556067419  
0.1541632911310643617  -0.8371566260897113088  -0.3189102782918657453  
0.140593919253803129  -0.8590340960896117872  -0.2546276118676912836  
0.1266984039193927991  -0.8782339156452224627  -0.1914119402615723775  
0.1126624549329907216  -0.8951886420700370106  -0.1299467603986016739  
0.09857100213742978068  -0.9099417665175016934  -0.07049754372471406239  
0.0845044511757659933  -0.9222579116153281076  -0.01299334359366640344  
0.0707393463201339695  -0.9320541194186698908  0.04280998183694984666  
0.05773496751779698399  -0.9394973483317867746  0.09697598929678903634  
0.04602289519056697309  -0.9447738934622793572  0.1492427512735119699  
0.03607316083272667923  -0.9479214749141792185  0.1992870947995855901  
0.02813395082404793537  -0.9487687595008676977  0.2467523359133250993  
0.02215924654247036427  -0.9471179789211243705  0.2913635020699559264  
0.01786396543641485812  -0.9430464597473519062  0.332889576805731946  
0.01492261171560739855  -0.9370158824438645784  0.3710231581850698679  
0.01315040335554167397  -0.9297151128941532061  0.4054485055906474344  
0.01250487990669495522  -0.9218681573175520061  0.4359915236712611497  
0.01293805055354690578  -0.914105815561570223  0.4626803157098447472  
0.01427804444662261925  -0.9069196017484872918  0.4855993262234074015  
0.01627037376661834636  -0.9006893341139908804  0.5048061303573014857  
0.01866819181573017503  -0.8954993103361588158  0.520380167374509095  
0.0213725779474568979  -0.8910975375067547999  0.5325217584038415275  
0.02441135569158468105  -0.887271255522252611  0.5415398148747190277  
0.02767624990356495202  -0.8839904938439908655  0.5476405876818973839  
0.03086537715406131172  -0.8812781928071344861  0.5510015763799204214  
0.03362660555668474383  -0.8792385584841316826  0.5518885929444742322  
0.03567313364367047379  -0.877978520170226262  0.5505529384352317868  
0.0367880926157751198  -0.8774949605541971787  0.5472559588814548404  
0.03685306470207443119  -0.8778677097359786075  0.5423644333056872879  
0.03589976612407481255  -0.879274497637044572  0.5362200359295745677  
0.03408256371809511437  -0.8817965914176743025  0.5288769413574548883  
0.03152325471175467658  -0.8855011473149617673  0.520090404516412308  
0.02808421614762965368  -0.89045208823371369  0.5094756965606217491  
0.0235261433174067322  -0.8965288541762606034  0.4968173537531613282  
0.01791039292136426334  -0.903518174632312876  0.4821759840097556427  
0.01165554777719837384  -0.9112312303450780249  0.4655521562321812135  
0.005089584510574922047  -0.9195608238554965341  0.4467788407821245422  
-0.001810754148891570653  -0.9285982444732368002  0.4257432089100267603  
-0.009143450529828537829  -0.9384222099820911378  0.4024143652547702565  
-0.0169753547594931678  -0.948791528134147355  0.3766944261857947951  
-0.02539714882199658672  -0.9593077082187437821  0.3483788949034019589  
-0.03428839514957027212  -0.9696933719990628031  0.3171587427982460183  
-0.04326440461170864837  -0.979625938403693941  0.2826714237260933849  
-0.05197473168484759848  -0.9886702177096111654  0.2447864986975543666  
-0.05996541085732750437  -0.9963550604108951658  0.2032124862670159349  
-0.06673788803376007328  -1.001903753585810408  0.1572591828484219134  
-0.07211471053993237512  -1.004350508665658559  0.1070802474587736752  
-0.07582630582344879189  -1.002685033587887631  0.05382671361888768241  
-0.07724301849798988207  -0.9958287410170417742  -0.00152545802432149484  
-0.07559054182225462271  -0.9836069120330178661  -0.05871229702235687686  
-0.07073718746265318658  -0.966827675049284796  -0.1175437342641266203  
-0.06371935151374683026  -0.9457814168625107154  -0.1772576003234302422  
-0.05559182262650814305  -0.9200999940231672225  -0.2370797843620409406  
-0.04684549652510437701  -0.8897314984293159812  -0.2964687433433698671  
-0.03795917525953554361  -0.8550632202072829813  -0.3548395468647629891  
-0.02950824005388240009  -0.8164278175559610551  -0.4117221605421990116  
-0.02230823848457687969  -0.7741383620217917594  -0.466973870306237826  
-0.01731606655366000128  -0.7288492283092101731  -0.5205385424110021697  
-0.01509885751713239965  -0.6814718258696357278  -0.5721630245525954894  
-0.01595477423419179933  -0.6330145579298404046  -0.6215780833011731454  
-0.02025802536130528672  -0.5843180324170634821  -0.6688314984942161923  
-0.02833511968898208208  -0.5358779438325070865  -0.7141408036375199719  
-0.04021119387807216977  -0.4880707556175012951  -0.7574121512311560167  
-0.05556089477316851488  -0.4412909829522214666  -0.7983028954750693851  
-0.07379903340741451878  -0.3959327642492749821  -0.8364686203078258719  
-0.09409144254499379745  -0.3524204402516009083  -0.8714293841340995384  
-0.1154366740764727756  -0.3111049119181292788  -0.9026452468893439995  
-0.1368609952939364161  -0.272241473530652256  -0.9297699769438052542  
-0.1575985376140885685  -0.2361453734339949151  -0.9526174307623279658  
-0.1771908445225268414  -0.2030783343454586887  -0.9711194184777892646  
-0.1953987638460871479  -0.1731432070518297284  -0.9854817572807215154  
-0.2120149660270019276  -0.1463530838112673815  -0.9961280866036864579  
-0.2268838405865581387  -0.1226594632523447248  -1.003625768762479886  
-0.2400343646563833089  -0.1020032300294466954  -1.008701172196495799  
-0.251545771213683711  -0.08435774342126758918  -1.012028073100474712  
-0.2614120459668675678  -0.06961386181668605122  -1.014026138774543062  
-0.2695996421315041691  -0.05751041226937426282  -1.01496220216959121  
-0.2761349814538399672  -0.04778503267108888397  -1.015084569223849931  
-0.2811408927516864664  -0.04023520363747681849  -1.014502972535576752  
-0.2846835107138138143  -0.03473948495997981889  -1.013152079209612699  
-0.2866629345368738035  -0.03128914174533003328  -1.010658066212815731  
-0.2868905526109202797  -0.02986093058211656409  -1.006419782314685207  
-0.285270142968730156  -0.03038581860152423514  -1.000038139375480473  
-0.2818079917147507385  -0.03267133964957959907  -0.9912198436246248967  
-0.2762819532417888357  -0.03620150707835326914  -0.9795627155606478897  
-0.2679595758596002297  -0.0402698711724243999  -0.9647220319713346592  
-0.2555362699008369431  -0.04449650927874748696  -0.9466152905120048811  
-0.2374710366526978367  -0.04887475520044847616  -0.9253641118598852078  
-0.2125943669691676141  -0.05314869862214169349  -0.9010747072457794271  
-0.1802980806172235495  -0.05714211278236003971  -0.8740052959425604895  
-0.140433198165906381  -0.06136777199302533015  -0.8449694719131329856  
-0.0934305000500288696  -0.06614395463584492318  -0.8155292524920647601  
-0.04036265009486458138  -0.07094859906223864587  -0.787320915816973943  
0.01751199798519801482  -0.07568693337903348306  -0.7613670834431016665  
0.07885624114283022734  -0.08116496707135673061  -0.7381110710913059147  
0.1417283310035496735  -0.08722579204716428281  -0.7169662056712676756  
0.204065816998147298  -0.09235800916059655474  -0.6964417393080963858  
0.2648425313077107379  -0.09535513501262740665  -0.6748114238099770512  
0.3243000036637419536  -0.09636315165031140995  -0.6506425382963065829  
0.3835463994135949184  -0.09692450682941905482  -0.6235895671179094712  
0.443948714519984633  -0.09875395072510805006  -0.5942774007091475852  
0.5064068625875665086  -0.1021541596179667832  -0.5633878039338464649  
0.5712088082970940839  -0.1061522708510018176  -0.5310082962150645125  
0.6383451870718956922  -0.1095486453023720441  -0.4964161200087684467  
0.7075925902119796218  -0.111329814113773462  -0.4585753628371125878  
0.7779148188279907394  -0.1111044753755664749  -0.4173649129841457417  
0.8470602238156926811  -0.1092639525454939808  -0.3738848044332706011  
0.9124534633410008588  -0.1064488756752248744  -0.3293446062452723977  
0.9721068442882271343  -0.1032164507453876418  -0.2845146946035084778  
1.024744227017510223  -0.09996835067857155754  -0.2399719806514540865  
1.069717343311672897  -0.09690691093839888526  -0.1960871689670063978  
1.106831839688684704  -0.09404286473609992092  -0.1529394715046753506  
1.136159591937744739  -0.09106699575387262879  -0.1105692168295440286  
1.158199319741804123  -0.08760307114947582519  -0.06933364877089459588  
1.173942384053808574  -0.0838694280960186056  -0.0298719160815665262  
1.184391877291823825  -0.08038307389890556043  0.007225067629108972329  
1.19041008786227942  -0.07717762074759532132  0.04154684625772210593  
1.193157495234327126  -0.07402308262357056023  0.07288689704720154039  
1.194031398317218162  -0.07093519718004862029  0.1011629485803303141  
1.194093595828169097  -0.0680559252632895878  0.1260502450646626693  
1.194023695571370336  -0.06546996410942193534  0.1468300947211767515  
1.194252394423373387  -0.06309375544968932881  0.1624695699825947082  
1.194823307906103915  -0.06081438099317839491  0.1718070493779882968  
1.195601901193135586  -0.05904968077499291729  0.1737943209888226093  
1.196641350619028987  -0.05843712903463318259  0.1674104545545958833  
1.19809761940330306  -0.05908227370444116278  0.1518687069889052277  
1.200111653476236384  -0.06087751182945957962  0.1271434885649929125  
1.202866847906653547  -0.06383389186645471725  0.09397145811492133016  
1.206422759057010907  -0.06770362495298153094  0.05355666288045143886  
1.21055212852790417  -0.07183179172347779751  0.007339692866068098405  
1.214622655598651013  -0.07533857225842999217  -0.04319801792632129572  
1.217688999938743022  -0.07740403025671359349  -0.09655918145337438752  
1.218798193964706122  -0.07844936369889971006  -0.1510593686181021522  
1.215519198668619794  -0.0806158987735673821  -0.206697173598438616  
1.203900069141933038  -0.08566265820102762774  -0.2659492565843759593  
1.181916849218327181  -0.09306978391546415208  -0.3297696947458316208  
1.1506713840254017  -0.1007935114536975957  -0.3960121488637092235  
1.112719108685310987  -0.1076043379450461607  -0.4618468588474691772  
1.070263825824111281  -0.1140190832806290827  -0.5253920439521845287  
1.024407310123381931  -0.1205761814802646104  -0.5853609264560553083  
0.9752830053895683582  -0.126670903518477207  -0.6393146702477365828  
0.9213945381456599693  -0.1313431745720595178  -0.6830883475463285226  
0.8590618272666498134  -0.1342581966514621028  -0.7127968980585540626  
0.784781060249213791  -0.1371929479014548925  -0.7281302865693418669  
0.6979350176712962872  -0.1427678418696143037  -0.7345711653654888318  
0.6005831695948700144  -0.1513965673436443449  -0.7395812490170220466  
0.4962304979331986221  -0.1622641938443611098  -0.7457883364430091255  
0.3885980798569410033  -0.1746211219876128706  -0.7511375541507705478  
0.2809183730701748094  -0.1875678902108126878  -0.7526293817029350297  
0.1757328592758219399  -0.2005631186857468051  -0.7482243862336439566  
0.0748237233431414267  -0.2136202789519585921  -0.7376204086933296766  
-0.02054999198637749019  -0.2268068015933874249  -0.7217321276026070764  
-0.1094156521508641983  -0.2399427578715193354  -0.7015807024693555549  
-0.1910369990800551143  -0.2528481394974332885  -0.6777139700237113651  
-0.2649606933818159371  -0.265390503230792163  -0.6501491059104977932  
-0.3308928761657546902  -0.2772458489301862228  -0.6193590537580173638  
-0.38852429594790866  -0.2882067407684189009  -0.5876310317198109034  
-0.4375340566017622002  -0.2990579822131498866  -0.5576319092490792384  
-0.4783211566843118545  -0.3114039333410933974  -0.5305147062391781798  
-0.5124116242820521139  -0.3263745294937588359  -0.506635474294233501  
-0.5414360467202554705  -0.3444947968855949783  -0.4864280355972939729  
-0.5664518067740671459  -0.3661670217033164976  -0.4703693229003685916  
-0.5881543467887246912  -0.3912294054660853115  -0.458354997622073157  
-0.606810112075234942  -0.4188708102337906913  -0.4488622746100566774  
-0.6220785563049616718  -0.4479556997719202349  -0.4395709563777397966  
-0.6332199412998730237  -0.4769673685869593172  -0.4290423590187431024  
-0.6394553938191916975  -0.5042423295895337443  -0.4164880001760325468  
-0.6408979265848018247  -0.5292353676282223196  -0.4022203251168713356  
-0.6390286565679696995  -0.5530970227892534341  -0.3878659264721068256  
-0.635173997843869409  -0.5771885790297671681  -0.3737075510868327899  
-0.6293877074204971001  -0.6021567908462909235  -0.3595436419578618148  
-0.6214302082787508397  -0.6282640914950408106  -0.3459274925796769207  
-0.6117611476587347941  -0.6553073546293300966  -0.3324328674063163902  
-0.6010420617271473587  -0.6824699483893633678  -0.3176579583494205661  
-0.5895086642676028443  -0.7088768055006864355  -0.3006872870760687322  
-0.5771243666123849758  -0.7340701677431126226  -0.2814608384204415614  
-0.5639013978268566651  -0.7578806210025087475  -0.2602033319707864334  
-0.5500337392659321312  -0.7799926459019304037  -0.2372016606926113658  
-0.5356011277140503291  -0.7995755997211051458  -0.2123320694681590237  
-0.5203417254937190428  -0.8155280691317980946  -0.1850055711215341792  
-0.5041205025168488119  -0.8272731656624343621  -0.155157990588111  
-0.4873952282419872217  -0.8353349620714952684  -0.1234535140057216041  
-0.4712513883080307053  -0.8408275465625123513  -0.09020681308469934157  
-0.4569796511900248159  -0.8445548374724779483  -0.05523983993709839085  
-0.4453430508549184874  -0.8469034003647279985  -0.0187579523659591775  
-0.4364756342753794982  -0.8477861772627093284  0.01885314072551735193  
-0.430114827143980083  -0.8466727919363455923  0.05760079225795626534  
-0.4257766740861332888  -0.8433170743857293372  0.09778868828424189252  
-0.4229913040477675246  -0.8379684363157173799  0.1396011024374103904  
-0.4214098344215732039  -0.8307370795491340054  0.1826343446457533715  
-0.4207111390968791831  -0.8215540673859738074  0.2261649307474120074  
-0.4203659502795570324  -0.810690792105878355  0.2698443558862952396  
-0.4197522101221253799  -0.7984420174149107208  0.3135340977856894695  
-0.4187651630034793793  -0.7850329881001228971  0.3569976612439601515  
-0.4177887768248674805  -0.7711461291251207051  0.4002103549903785473  
-0.4170206018192321173  -0.7576470463737112748  0.4428723519716272206  
-0.4163298791204683158  -0.7452099183126204007  0.4840619884878430979  
-0.4152125948493764485  -0.7342495972320521869  0.5232374084471898001  
-0.4128988220849389434  -0.7247769022232317671  0.5603949225683286794  
-0.4089103361920874979  -0.7163421006492021181  0.5954071680895661745  
-0.403361482016141526  -0.708272028374905771  0.6279579602227530755  
-0.3968235409234197597  -0.7001097683927818283  0.6575545123678623316  
-0.3898677682845397285  -0.6918981001408632814  0.6837628240263161628  
-0.3827299200317518801  -0.6841808436366212387  0.7064055353712216379  
-0.375449498727936537  -0.6779116320935213436  0.724982919152663885  
-0.3684187932730417225  -0.6741437545756993055  0.7387672029706703336  
-0.3625746303503998846  -0.6736830730115164201  0.7473096819349169806  
-0.3586731419264943543  -0.6771173305897745243  0.750047382682075936  
-0.3568130493498371525  -0.6845635862310264219  0.7464222902129771242  
-0.3566503522702471063  -0.6955010045873359914  0.7364980409380490478  
-0.357584723500788737  -0.7090851245155656013  0.7207789373803374922  
-0.3587766821835199349  -0.7245555563810082145  0.6996782180100120652  
-0.3591958307568592912  -0.7415446290877857338  0.6734782425671580475  
-0.3579264131180983632  -0.7600226221578874064  0.6426386181187814239  
-0.3545278626902320096  -0.7800468991275868458  0.6078100700164387193  
-0.3492790790168674442  -0.8013112839207530147  0.5695173074601544982  
-0.342935722237375562  -0.8229932747382631142  0.5276167517823422415  
-0.3361040149847440706  -0.8439162296031054167  0.481159496244162932  
-0.3289783151249136006  -0.8625388455123600417  0.4289668837926877143  
-0.321242341215990157  -0.8775272145723430617  0.3703439075708050421  
-0.3125415770455571285  -0.8882983990905721772  0.3058038509607717836  
-0.3030807165071444098  -0.8944290123008602489  0.2372293624833452241  
-0.2931119988050373548  -0.8950946751368737964  0.1671702565777445637  
-0.2823104352133309347  -0.8892809033625244108  0.09774879785571949364  
-0.2698490609049745137  -0.8762443561232469147  0.02980419086301987555  
-0.2550544841141630936  -0.8558674803708299361  -0.03716112590657879439  
-0.2382668296780889039  -0.8290667446827972853  -0.1037549004604985947  
-0.2198541672006706638  -0.7981148144827506785  -0.1717037313302041956  
-0.2003384217807478718  -0.7650200142710705808  -0.2431162559556198643  
-0.1822898356922294794  -0.7298652015376285718  -0.3165610935942476112  
-0.1686278397337967194  -0.6921081220793879885  -0.3898965672355394485  
-0.1605544840359290626  -0.6515422269464755667  -0.4626659874195327982  
-0.1577150272727561031  -0.6084755937242027901  -0.5340264923921329565  
-0.1590817995795651418  -0.563728563926439552  -0.6024260126078270217  
-0.1642312377895706887  -0.5175691510771578407  -0.6659960564654331394  
-0.1735919637065513887  -0.4701980496744976312  -0.7238267776157247813  
-0.187578852046621114  -0.4220257853060829789  -0.7763648757770201803  
-0.2062363485591424961  -0.3729978936368980036  -0.8243201121336802828  
-0.2295521485001468798  -0.3234020560560575408  -0.8688781269588534695  
-0.2572885414517443459  -0.2738714754408670959  -0.911722793520461039  
-0.288984204946481249  -0.2244690343624001772  -0.9531922376736023939  
-0.324173976464339042  -0.17458028166871567  -0.9913559518315907537  
-0.3617933586176388938  -0.1238038600988670135  -1.022446409023738623  
-0.399857281165174494  -0.07309710909959324376  -1.042807870988115893  
-0.4366951977507112503  -0.02420916136187976561  -1.051061176338656589  
-0.4720490463328269604  0.02189836826421628566  -1.046760478118410109  
-0.5069278558191724349  0.06549906355511769807  -1.029335944984273166  
-0.5424445982263847998  0.1071181040080737279  -0.9989026772592269898  
-0.5783433531690910234  0.1468983514269611712  -0.9558668033758559446  
-0.6131102826063696831  0.1848860465402827891  -0.9002653774582852764  
-0.6451204252352745749  0.2209614943336292159  -0.8319990946713443636  
-0.6733594439442921464  0.2546205328572376803  -0.7511000752196381747  
-0.6978898702373388385  0.2853034260999379179  -0.6577842169225739388  
-0.7197281487600882821  0.3123477242688118549  -0.5525685439785560371  
-0.7398676942781468036  0.3348544248278340629  -0.437075537544390158  
-0.7588159196049401034  0.3523769953145712286  -0.3150575990867382492  
-0.7768519030334650743  0.3648852015708222152  -0.1911777196360750497  
-0.7936445766201524199  0.37215375029759723  -0.06920243616755808458  
-0.8081669584976062248  0.3738760052183247029  0.04797711642393735765  
-0.8197296927197010863  0.3699968710111603554  0.1577175748371887343  
-0.8283538115690208814  0.3608813493238637315  0.2576961891745435107  
-0.8338735887488490928  0.3470278988566884437  0.3472534387184758042  
-0.8357294398685958248  0.3289452978525897464  0.4277899126418945874  
-0.8337491686333764473  0.3075264949266610093  0.5009062141934154111  
-0.8285007974284014365  0.2839686923410896791  0.5670047901406011226  
-0.8209869724132693447  0.2594983537833262521  0.6254028040402727084  
-0.8123654867315751593  0.2352536906209107548  0.6750047720032112952  
-0.8033360291020914534  0.21180956688186936  0.7148829234107881847  
-0.793507770121993139  0.1888784499513674608  0.7456126560310309959  
-0.7822583059786094584  0.1659040823440517121  0.7699091984597333793  
-0.7695413990128389115  0.1426480819806880129  0.7902619097784810975  
-0.7555499547979714903  0.1192165723917722464  0.8071571402617883084  
-0.740654048524827413  0.09588339478944339633  0.8200941553460890932  
-0.7255598927685944499  0.07281838245776729723  0.8289805443957166675  
-0.7110299959586324769  0.05020123345840770551  0.8344465430012167895  
-0.6973583378588599224  0.02867675440179722271  0.8366560601803325614  
-0.6844100683547948982  0.009118100152639601122  0.8341942077879670459  
-0.6722878192990608959  -0.007925907852508545792  0.8251451609803378551  
-0.6614369812708686958  -0.02231121310980494626  0.8079681971414778285  
-0.6521057773925108547  -0.0343239293777743773  0.7818324718525921924  
-0.6441357986405996661  -0.04449256915457495964  0.7474131158590026081  
-0.6374395334081772724  -0.0531766326382022772  0.7057691833442053531  
-0.6321564842007375562  -0.06065488691764585327  0.6570066051061086432  
-0.6279673252578601428  -0.06744861926072841241  0.6006325742220667285  
-0.6236243841701268886  -0.07410700105204603982  0.5363389980834875059  
-0.6171496784232479715  -0.08054684042223472784  0.4648776491091708429  
-0.6065358320847512585  -0.08592395795879574638  0.3880902499074730394  
-0.590469660138681629  -0.08936362551747790983  0.3074100653812285033  
-0.5685131742764671925  -0.09074781935697757984  0.2227683707814498704  
-0.5409282203672689526  -0.09066766483184977854  0.1334635955788850137  
-0.5080891974950412227  -0.08977404439002184544  0.04010852911240547075  
-0.4697528903328513361  -0.08857628544895540523  -0.05443151009963818898  
-0.4254533103821696027  -0.0873793113937578747  -0.1461236333233908447  
-0.3754623713823823095  -0.08639692527177392223  -0.2315821302097779144  
-0.3204599324126237159  -0.086116207548006099  -0.3092738610934918642  
-0.2608459499553553163  -0.086799505609908012  -0.3799585139668607559  
-0.1971254111500375661  -0.08828522405902926307  -0.4458301389674415027  
-0.129893974826542774  -0.09047572949273566256  -0.508515722352669286  
-0.05905246734078839488  -0.09316329161717570861  -0.5679161684269153909  
0.01578203635515783299  -0.09596088046334752542  -0.6226269269667795703  
0.09413549201810993139  -0.0985863132003633319  -0.6707072025097869927  
0.1743421915259680821  -0.1009482642179523326  -0.710092737527417861  
0.254259959262539581  -0.1029468778807343665  -0.7392650460912391086  
0.3321848183221244311  -0.1045152445673746822  -0.7575212704308421641  
0.4068784473058171813  -0.1060344814916301254  -0.7642149667898129328  
0.4778429510527430479  -0.1080453123436111301  -0.7589701282266270166  
0.5460164534554325932  -0.1106137037266316514  -0.7424119692326525133  
0.6131377581078002459  -0.1133335657150489478  -0.7157801586463176102  
0.6805269754545869576  -0.1158254323291220689  -0.6805682532143282337  
0.7486229929782520776  -0.117830909642827622  -0.6380588321362895554  
0.8170203029344645929  -0.1191001498599402741  -0.5890197723209170677  
0.8849333234851054497  -0.1195834478358143438  -0.5345158250055853655  
0.9512112955730122055  -0.1194184428272726806  -0.4763145408358817057  
1.013861764353645833  -0.1187543398203145528  -0.416299607551600559  
1.070286522500425885  -0.1177367420188287911  -0.3559180384805503139  
1.118093855004300918  -0.1165874328829421963  -0.2957266918177436921  
1.155921254780206464  -0.1156011117810454708  -0.2353223795855513278  
1.182741827893006636  -0.1151252723120154559  -0.1742110346572704749  
1.197319694530228462  -0.1151066732176833085  -0.1129595834794311221  
1.200008585071384859  -0.1145726110231118644  -0.05289464783324208247  
1.1935593793699244  -0.1123523987687796988  0.005205757327735064874  
1.181532458298900634  -0.1079575605445279585  0.06160334139468297276  
1.165981458565569895  -0.1012279855938764961  0.1174887832621745315  
1.147042777356921839  -0.09224799753913454081  0.174277631342364403  
1.1248078039180609  -0.08202542638023842259  0.2325177082747530433  
1.100242849672302903  -0.07189380525708448377  0.2914692974126119052  
1.074259408949483685  -0.06243913722557289242  0.3498440158086056906  
1.047107597663516021  -0.05372131103067043223  0.4065503419177112221  
1.019224624334942986  -0.04560296295182882792  0.4608087720215988115  
0.9915026215273448074  -0.03786463466379450665  0.511760185903952225  
0.9644476889860404967  -0.03047947138979474266  0.5583263576334799305  
0.938229329521285238  -0.02370358771463833281  0.6002080063279696676  
0.9134727793396867357  -0.01805274951909402112  0.6380134201679713568  
0.8912603363382380905  -0.01405703357926547242  0.6722053241041728855  
0.8725124972315804195  -0.01195004951730665489  0.7028411948824341282  
0.8577956192616418285  -0.01167774256919236302  0.7299742663004747945  
0.8474188226287182601  -0.01300653458551236097  0.7533990494828417539  
0.8414365027374055561  -0.01549676957774682833  0.7721332389155938225  
0.8399330643704518984  -0.01851681310300525712  0.7848200411305732427  
0.842978124819762864  -0.02148297415316327216  0.7901674391291664268  
0.8504818488129494147  -0.02445685900530321713  0.7869449060722465417  
0.8623891422605278745  -0.02746157457215761891  0.7745809891165381655  
0.8785317050935808059  -0.02922838249616803441  0.7540508017103226823  
0.8992102973746415318  -0.0284661145845669962  0.7275922595238409896  
0.9250557313169568419  -0.02524627993207599272  0.6970110289873336917  
0.9554936114899048594  -0.02032517001440392948  0.6616298037095369455  
0.9893162436101403667  -0.01476403141906808963  0.6200812722207267313  
1.025081674900771622  -0.009840395460588452839  0.5730570399054649711  
1.060218948368995662  -0.006041769658795020058  0.5211189376941540718  
1.092214868563542218  -0.002990530033129197227  0.4636712835956224299  
1.119284071268996872  -0.0002904885061742117991  0.3999067257275724097  
1.139727327836682624  0.002567948976825542347  0.3293237797990320459  
1.152247997340530405  0.006153175457544086263  0.2526456536123672936  
1.156552741473835688  0.009839702691715824026  0.172311029625875578  
1.152920850365219074  0.01118906371471140027  0.09031353350110296607  
1.140942899670257082  0.008821919965181241469  0.00613511095103149405  
1.119969622611251436  0.004623185819310524081  -0.08118022883823682034  
1.090317365957257145  0.0006068113656489433757  -0.1722632931347222174  
1.053052239094798281  -0.003050065079398278992  -0.2670237694380535043  
1.009563231480210099  -0.00657817208995225243  -0.3631962114921788998  
0.9612143971181789093  -0.009938224891918989029  -0.4571299651199911551  
0.9090602688933185904  -0.01327281774191907578  -0.545693767875611524  
0.853839643056769626  -0.01720660723706912698  -0.6270281720828642102  
0.7958755328446791566  -0.02220734089366846117  -0.6999614620605003612  
0.7350402859182146864  -0.02816001073026318247  -0.7638835005229924757  
0.6709108463346628026  -0.03463932456348347427  -0.819096145937645348  
0.6029048981380008554  -0.04109706836533592866  -0.8664938907986273753  
0.5304318148415351208  -0.04714461574336187982  -0.9060599207379105291  
0.4533460990050283135  -0.05301402743616882851  -0.9360292159217385999  
0.3719362008366006167  -0.05903767412056824121  -0.9537075157367339573  
0.2864579418991879955  -0.06511454214537923391  -0.95707520173886651  
0.1973690182788553904  -0.07117719786418129357  -0.9463403825141143422  
0.1057009231902900359  -0.07700728674801878004  -0.923667362794564073  
0.0130856050992401475  -0.08224658168051410256  -0.8914963292767632552  
-0.0783570178401177958  -0.08720657290692275521  -0.8512869466001244945  
-0.1666936320073887923  -0.09264147354438952153  -0.803863063952362511  
-0.2507956297112631794  -0.0987230348309345862  -0.7502983576067935312  
-0.3296370156785352057  -0.1053334113553393153  -0.691660927311457896  
-0.4014123070951248207  -0.1125921574674703662  -0.6272391668104351226  
-0.4642405562548364562  -0.1200090837767416041  -0.5550757077668629913  
-0.5173722322884658498  -0.12628386064469449  -0.4751253074362720152  
-0.561409675067559566  -0.1301546392507603178  -0.3888233642257806766  
-0.5979246440237119264  -0.1310426998091638873  -0.2980651336155913378  
-0.6287385708530913719  -0.1293281529503173266  -0.2054598859679138689  
-0.6551557601082806936  -0.1256998929474913429  -0.1131609123193470234  
-0.6773660316858816088  -0.1202091243185133412  -0.02226330861407626108  
-0.6943408764112918297  -0.1129970975514951875  0.06680280376731292935  
-0.7046310145030739713  -0.1047655853301877188  0.1541074888563567225  
-0.70729697353269394  -0.0963084926708350636  0.2400204428145594759  
-0.7024209757650761166  -0.08844909826096902794  0.3245653774780433709  
-0.6909695888527177532  -0.08148557343089542215  0.4070655321978924324  
-0.6744592983279144027  -0.07488800572630451013  0.4863604607338283259  
-0.6546629807822360592  -0.06787920250967716118  0.5613577464270839146  
-0.6330343989078882627  -0.06005564527047339146  0.6313863713766734165  
-0.6103102257983804568  -0.05152286915570128412  0.6960857878289274936  
-0.5866851088189168895  -0.04262621548682686556  0.7552757770431341999  
-0.5621508619635603443  -0.03382207633867322094  0.808779903258040167  
-0.5367129604328988446  -0.02569351627754568393  0.856274068855330861  
-0.5106412606521262276  -0.01867953453130230534  0.8975738828912771528  
-0.4846617843284159455  -0.0127847458088438861  0.932823965425755075  
-0.4600042693296929608  -0.007604060364791351799  0.9623833536919673692  
-0.4379574065801121741  -0.002591386908876412709  0.9868392757686049732  
-0.4192535848563249123  0.002643057375178135392  1.006811505045138055  
-0.4044146574086610046  0.008482945444809824806  1.023280074897674474  
-0.3938269678133504703  0.0152926370242460162  1.03789706560136552  
-0.3869948825931804337  0.02295218149609623212  1.051929177331868193  
-0.3829335732765236089  0.03082180141981108804  1.065534323595778154  
-0.381090062378266814  0.03825053629745909373  1.077971886214695862  
-0.3815204839372935419  0.04521157512127409184  1.087675327250182011  
-0.3844516205760736827  0.05188580543187392563  1.091876833590719631  
-0.3897857670447333889  0.05769345661333696168  1.086908981382821882  
-0.3973353337775192839  0.06171896608379203591  1.071029489974247406  
-0.4071917461637192259  0.063709722256627771  1.046692528882600559  
-0.4195668557619090522  0.06392465930503751781  1.017937953249125727  
-0.4343599967129070372  0.06241403669888431066  0.9865155826581442078  
-0.4508402721665881741  0.05777138243004097812  0.9507207667874791879  
-0.4680926775610720347  0.04769581131902796145  0.9077614877302461194  
-0.4857434571061516326  0.03151074365855187354  0.8573426440584814845  
-0.5034504748474118996  0.009439738657812050959  0.801122015324315262  
-0.5201990632824946559  -0.01849887272335943092  0.7404590327247216885  
-0.5352387730263061805  -0.05162503870047559923  0.6761077152822824177  
-0.5485683615377072719  -0.08894517190115680538  0.6089078387785986646  
-0.5600162704375810652  -0.1293198629613598882  0.5402864514563255893  
-0.5692443565439428976  -0.1706148375248104088  0.4718939285216420254  
-0.5763284992208028701  -0.2103883481055108806  0.4051781664550597184  
-0.581573036317276082  -0.2477032276644628994  0.3412139405449075569  
-0.5851754418395381796  -0.2833344321783619613  0.2806108089963847418  
-0.5873813537453782541  -0.3187425732893831576  0.2231359753993252815  
-0.5882297558590502407  -0.3557251487358706887  0.1681732823011782285  
-0.5872197825232594592  -0.3961268234324324955  0.1158807471646364634  
-0.58390501363399816  -0.4406126998842216924  0.06696162701562756447  
-0.5782338860768335698  -0.4880981797787021237  0.02219989350938953582  
-0.5704648272729482272  -0.5366775417506719492  -0.01772554595446226497  
-0.5609887312169338225  -0.5845081315789184551  -0.05203352162018957949  
-0.5500301936270470815  -0.6300290338738495644  -0.07919221344252523609  
-0.5374539998355517545  -0.6722978219105995024  -0.09776003993638129885  
-0.5230334750594531901  -0.7114466129895863356  -0.1075781143709034077  
-0.5072252545313843397  -0.7483503199100220993  -0.1092921872193062666  
-0.4908472143350732786  -0.7837011631782602183  -0.1036925056807625201  
-0.473795282567409215  -0.8174102893371174572  -0.09156619452013477212  
-0.4552842026896219974  -0.8488202127763302407  -0.07355668564698321366  
-0.4350289793903054369  -0.8776897497700760775  -0.05042334114411482771  
-0.4132954076918132769  -0.9043193362023568271  -0.02306369722570788747  
-0.3905923146894239584  -0.928771379097980021  0.00757599480896393139  
-0.3675390413054204219  -0.9505807815079109213  0.04060867284117057607  
-0.3445714838769302624  -0.9688069837931939654  0.07564110759682637908  
-0.3217755640569176512  -0.982580346339390176  0.1125785344401558918  
-0.2988397604547647912  -0.9918944410404099132  0.1510644158322176078  
-0.2755437469468127731  -0.9974536161640283893  0.1904852573704016727  
-0.2525192352413104802  -0.9998061337683178396  0.2302457296522244234  
-0.2307767550227530495  -0.9991449005241979098  0.2699351409788338652  
-0.2104727857185051676  -0.9958606161451782901  0.3092036028040288098  
-0.1904327914423177559  -0.9907009203248513529  0.3473018144632836202  
-0.1691962168291629709  -0.9845179636896154163  0.3831278520470204341  
-0.1464473691571153702  -0.9780384926939059698  0.4157336368033575091  
-0.1229085383526611341  -0.9715576691527936237  0.4441997713792836255  
-0.09969376174695376847  -0.9650102048610500471  0.4674512822793626121  
-0.07789248845703532209  -0.9583552767681696727  0.4849075205230517494  
-0.05822249925012551452  -0.9515754353370309282  0.4967484962885863609  
-0.04073179763687302668  -0.944613638098033781  0.5035213623627008417  
-0.0245497907860984417  -0.9375941717340251502  0.5059579689912003797  
-0.008539087650096822621  -0.9310004576932064957  0.5045787360546677425  
0.008016184730893809868  -0.925780643849835716  0.4993778202256050625  
0.02525434967758054955  -0.9225489532916480995  0.4896490599166399282  
0.04283167089923286402  -0.9207853873911309162  0.4744664129425207877  
0.06053607251864133454  -0.9196899932472584194  0.4537197150168029158  
0.07837725043999557717  -0.9187196701328500525  0.4279019955426647814  
0.09633253352569383365  -0.9173701661238055083  0.3973740973923041708  
0.1142646014598529824  -0.9152006591470629449  0.3622188548011641696  
0.1317403299559412044  -0.9116038157491251903  0.3223781143095133528  
0.1486650509268044873  -0.9059277836158747821  0.277685738930678383  
0.1661310595657337075  -0.8979461549821811106  0.2278692949214669305  
0.185812732359401489  -0.8876611822158534393  0.1729456681496208958  
0.2088002524899964518  -0.8748331860025796436  0.1133095409491250982  
0.2353370144156195498  -0.8588769309051396128  0.04960033810917806318  
0.2652283371944197943  -0.838588046464547987  -0.0168634867882046964  
0.2989585189296786738  -0.8127185514265928834  -0.08447103450389632784  
0.3372531520526971804  -0.781222214917018043  -0.1517549484864738063  
0.3791544028889407003  -0.7447837842497719851  -0.2171111845497278037  
0.4227655275506067567  -0.7039004884928889982  -0.2789791133507690257  
0.4667249856794478124  -0.6589002419828954293  -0.3358525905809045531  
0.5102126411383468563  -0.6100179136250289957  -0.3865393864098036758  
0.5527845682466873134  -0.5574559389697193446  -0.4310307950291775714  
0.5940572013445688526  -0.5022263801556817731  -0.4706772814624279877  
0.6334966949636572364  -0.446491231709899461  -0.5067221860908840414  
0.6705819585522704296  -0.3919826247101491079  -0.5394201418761582767  
0.7050917524251720803  -0.3389759561408428601  -0.5693648999059147675  
0.7372299351373519105  -0.287125139563342624  -0.5977585866905781309  
0.7673111201452993413  -0.2361125140602749195  -0.6250012397623075922  
0.7949967683941856489  -0.1855522018115992045  -0.6505986421764097249  
0.8190467167644253088  -0.1350905761045069486  -0.6742565385758335639  
0.8381357962191240407  -0.08459779795271733793  -0.6965473558245772745  
0.8515930787842111993  -0.03410327527915583273  -0.718724449755642647  
0.8593212821222162567  0.01595464730997440961  -0.7420328736093798616  
0.8614341323984632259  0.06439622514913793949  -0.7670872533127400805  
0.8582690668066699224  0.1101231012809903848  -0.793695258338117493  
0.8505059496802306329  0.152803643871672501  -0.8213381618617537905  
0.838934345987893626  0.1924203917735753944  -0.8494017067125980702  
0.8239227909500501656  0.2291612509759363148  -0.8771409216066051728  
0.8050432713243101945  0.2633563230039837055  -0.9041307471818894603  
0.7805514452872791553  0.2948969244460066252  -0.9306190519855243037  
0.7480117907627458207  0.3235870785793568682  -0.9571322706730200913  
0.7069920317829272438  0.3500279174477731736  -0.9834676825515302756  
0.6601024106865199803  0.3753309655213426521  -1.00872846752750811  
0.6110991601881041735  0.4001969075386234143  -1.032071336754410096  
0.5623236671997998704  0.4248149452619983668  -1.052458470090400278  
0.513394901461397879  0.449196359096230402  -1.068473251002945767  
0.4618959082948808637  0.4729658697828296177  -1.078138303975527013  
0.4051439420760790111  0.4948105455390136576  -1.079245343717160965  
0.3416140584441640926  0.5122595323799704614  -1.070712839960426876  
0.2708985030948556916  0.5231076926583405617  -1.05191615875895339  
0.1930513065301612818  0.5265528269923634985  -1.021679316361680856  
0.1090145633009275694  0.5227345711685311702  -0.9795992377861056921  
0.02104598538509607625  0.513037268189661555  -0.9268646271108039736  
-0.06821137783751243799  0.4998590344288962872  -0.8656624583820616836  
-0.1565157158646867108  0.485093431825350252  -0.7985638353668293998  
-0.2416399206600986227  0.4694854303013161756  -0.7281422286489382945  
-0.3212207307766459241  0.453133189284249005  -0.6563276496246790437  
-0.3938105240545481944  0.4359840633269616017  -0.584057497896557809  
-0.4596142036845685119  0.4179718691286471999  -0.5119060557266527089  
-0.5197262652574873298  0.398633691245813826  -0.4407389875512460198  
-0.5749370913301670161  0.3767016146841398183  -0.3713340101741248178  
-0.6254914045684236701  0.3510374830715362049  -0.3038447892150802909  
-0.6714289417025691709  0.3215265026526407111  -0.2381896046795145827  
-0.7120833750157848918  0.2886447051647802464  -0.1732470323171771132  
-0.7464034144805389293  0.2529623727395574062  -0.1068041590432452503  
-0.7745428534556845213  0.2149018635442140612  -0.0383652229941863071  
-0.7977893051285288584  0.1746074285618573196  0.02975249106191017734  
-0.8172831346793278939  0.1321433014965476271  0.09370774377065242688  
-0.8332835836946583807  0.08774848513482629009  0.149911442356772312  
-0.8454389352808547864  0.04183317649945789141  0.1963864331236604976  
-0.8533287461397361939  -0.005299878098097828526  0.2331927266496786888  
-0.8566225994241881692  -0.05352797801977111913  0.2621752330884715709  
-0.8553481740718593684  -0.1026301419632202755  0.2859998981330291179  
-0.8499672234434081375  -0.1519179684948209763  0.3070462978849849978  
-0.84095290971667358  -0.2001126155452303546  0.3263618412460040363  
-0.828516799205445742  -0.2459344455456424217  0.3418122070547345848  
-0.8125505757943156659  -0.289146370659908003  0.3490173600707019985  
-0.7928805147505783024  -0.330148034986923633  0.3454561098970839739  
-0.769809901850956213  -0.3683627573995419402  0.3313684294721873647  
-0.743893803844703716  -0.4025868860229116497  0.3083733887042097721  
-0.7155506630098956711  -0.4325685804957955516  0.2783231142240300549  
-0.6851199930681710626  -0.458900081572768459  0.2428248229615157794  
-0.652757996100827742  -0.4820991995489992687  0.2033160580894916858  
-0.6180680359701390403  -0.502989276855637768  0.1607314423535118331  
-0.5800351885946276598  -0.5231881679076663128  0.1153515766838060647  
-0.5378765839149994843  -0.5446671438734683734  0.06700279533243541641  
-0.4907747944871975743  -0.5696651170260641495  0.01470063812505800066  
-0.4373636744820044719  -0.5998112380935824994  -0.04385043721039307008  
-0.3781245912892143846  -0.6346192135682758861  -0.1093913339492162823  
-0.3164068593754146841  -0.6712882845985392866  -0.1783042606980223266  
-0.2558068543320534127  -0.705941695157386917  -0.2450191710065019457  
-0.198312297147457739  -0.7360216603986267092  -0.3048619298929742816  
-0.1445584046124964717  -0.7609410970600309909  -0.3548466383921871081  
-0.09458703763519417385  -0.7805654406730965222  -0.3936773728635158953  
-0.04766305949484864191  -0.7945497885624190904  -0.4211530489836082802  
-0.001863098005640542818  -0.8026520681677484781  -0.4375441064663353474  
0.04547064463876769602  -0.8047388110173555598  -0.4434684039639292252  
0.097425695393060327  -0.8010130182545316391  -0.4401351974182985405  
0.1564251172310550941  -0.7927630912414115327  -0.4289353004700433014  
0.2222923394702662758  -0.7816306478071362029  -0.4113515852094333791  
0.2924055136310382275  -0.7683556700968249276  -0.3888417097105485443  
0.3634154519825891771  -0.7529495125758826068  -0.3620126052597080757  
0.4322738198017482825  -0.7350381149615025089  -0.3306930925056296156  
0.4967618502389322677  -0.7141140988450466187  -0.2947934676844685131  
0.5559577704228527706  -0.6897264714951615305  -0.2548292433839683957  
0.6099068710924898662  -0.6617487744799288585  -0.2118777065934956683  
0.6587921938844081282  -0.6310510136045429652  -0.1672853268716410491  
0.7030352217891703281  -0.599278152382022089  -0.1220189873053248303  
0.7439175050061516137  -0.5678114914703877858  -0.07610716368233939877  
0.783805153240311081  -0.5372916539183009155  -0.02918159826538315599  
0.8252357065142235104  -0.5084062851233435154  0.01830896670093041384  
0.8687360110719766215  -0.4824940898519202714  0.06436516482495414915  
0.9119319430550320016  -0.4605949271034986969  0.1059761993601381208  
0.9515417593078309144  -0.4425442889436263516  0.1403427581323163642  
0.9855999991214479117  -0.427132799186954959  0.1658008004511562772  
1.013505354069041076  -0.4131041052467478436  0.1821605670123149501  
1.035216505904587914  -0.399700978090634429  0.1905698547340917703  
1.051311577882700465  -0.3860012289116431794  0.1937834535003298275  
1.062942754663226408  -0.3707315745650279215  0.194067537926624234  
1.07171524218765013  -0.3532632313109565492  0.1903004961216715474  
1.080797170402275187  -0.3345021458421876259  0.1812357757936574054  
1.092985729357579316  -0.3161264459304958252  0.1671705546789016839  
1.108517293134384962  -0.2989501105943921933  0.147600311115133026  
1.126275873968603403  -0.2817931335215786981  0.1214619332714268474  
1.144005723742391067  -0.2630595846255977532  0.08665387160574625214  
1.159235883350216989  -0.2436470733637992603  0.04032917217417361644  
1.170564004664845115  -0.225384374851297864  -0.01909646018212521335  
1.177134592604151653  -0.2080081499559837677  -0.09069554386633189857  
1.178179696017110922  -0.1902897850255397816  -0.1648806368498186847  
1.172264414174924996  -0.1724110007304627545  -0.2298130003411421041  
1.156301433908296872  -0.1551464825928575986  -0.2871295065426634485  
1.12645169122154698  -0.1374559580529965686  -0.3443815535310708054  
1.079877350439509609  -0.1161351942684643312  -0.4052443141377819469  
1.01646374145372187  -0.08821401912207237073  -0.4701254389099621123  
0.9382187286750249822  -0.05363611347214407993  -0.53654632571320382  
0.8458896508307033324  -0.01444022741652488742  -0.5998079453679728834  
0.7381595224378374454  0.0285276697731841819  -0.6525105047803819724  
0.6158714257606808795  0.07521954329939976869  -0.6898727858674642555  
0.4848504795015513569  0.1231982776219558706  -0.7152564111737751418  
0.3526880332001230411  0.1679606540127223935  -0.7353198763020535322  
0.2256764935342659151  0.2063152469174850401  -0.7515626864075264368  
0.1078273905489332413  0.2379914677006402524  -0.7594235103249774577  
-0.0007777950298758339737  0.2642818463579341137  -0.7540622164562350571  
-0.1031005285196949506  0.2861083583141239006  -0.7357645996923379839  
-0.2017799438813457635  0.304141345090296833  -0.7093695600544545066  
-0.2980443903737310385  0.3197283905543404359  -0.6792183309773964783  
-0.391714127387210953  0.3339532204175177377  -0.6473675044751110441  
-0.4813119055571175031  0.3472825523477838794  -0.6137255282397588996  
-0.5649632903407000306  0.3596724857585421042  -0.5769525350363393645  
-0.6409440220093466367  0.3702979589788732984  -0.536765637095102055  
-0.7078872465946035586  0.3782404345226767495  -0.4938243039180569283  
-0.7649843383015677567  0.3828521583572703779  -0.4488980243264381609  
-0.8123655931619682136  0.3834072095220339427  -0.4034898904549338861  
-0.8512448956394809141  0.3794551470574419327  -0.3596785359431068363  
-0.8836578354343740394  0.3718087854288307792  -0.318586274807204084  
-0.9122062920165945332  0.3623388875330892378  -0.2798832527720530039  
-0.9387271617221963904  0.352773350480790282  -0.2426566854211940072  
-0.9629148141493094615  0.3440560950394187523  -0.206227626441080919  
-0.9832293654635271274  0.3361119563666197796  -0.1706093834646253415  
-0.9981474360124605871  0.3278163107130589449  -0.1365859206358691902  
-1.006347839011434875  0.317539528506584845  -0.1061276668658495126  
-1.006084035341258343  0.3035425897145139218  -0.08426696310984403693  
-0.9966587552424490681  0.2838067861703513217  -0.07678020823699986674  
-0.9809865840159109895  0.2590434914321452231  -0.08119662958652401619  
-0.9638223751249447302  0.2338657429958750644  -0.08716736516827676418  
-0.9479045608946180534  0.2110751231758463964  -0.08811948523125856525  
-0.9330762691808784925  0.189896335980397124  -0.08541842378014795345  
-0.9187869988686143685  0.1693453949202817777  -0.08315603847700629714  
-0.9051783520859704169  0.1496788661083716943  -0.08319973807154563972  
-0.8921937817435121598  0.131363732338565159  -0.08484146703732575734  
-0.8791516104683980704  0.113636729991551666  -0.08653907065936194964  
-0.8650061978995019496  0.09485040501651263722  -0.08656242595460858502  
-0.849310443908490087  0.07387235725569786526  -0.08429439945264693979  
-0.8325072729920822701  0.0505137606497530825  -0.08104644848738873364  
-0.8159252837159897132  0.02524029721359671852  -0.07860339945628697089  
-0.8015156178738473969  -0.0007276739527783868643  -0.07851455360678563644  
-0.790904489055124893  -0.02561389765225055917  -0.08231592357472307386  
-0.7850353370732783276  -0.04809418308548508297  -0.09073544389268559107  
-0.7837686058527373323  -0.06794462026836876889  -0.1036138455795343194  
-0.7856253459349440416  -0.08552637402647900178  -0.1207700677664139272  
-0.7890504478758129103  -0.101114608301144826  -0.1421650583640478305  
-0.7929337935657240211  -0.1148413412526341354  -0.1672862919833033035  
-0.7950380041790747754  -0.1267649253411543275  -0.1948500265671443132  
-0.7932057972837377458  -0.1368246470985790275  -0.2244820680648337841  
-0.7880914133810059674  -0.1443416881053306289  -0.2560951953508638357  
-0.7813001857615904377  -0.1477387415648053204  -0.2886373568691155689  
-0.7735108050866169593  -0.1458082614836243018  -0.3222637552879126233  
-0.7649345249294209337  -0.1384955960016258092  -0.3577956465808512787  
-0.7555252197174817663  -0.1263412139825938751  -0.3952983723884870848  
-0.7454910791943561987  -0.1103419781980884001  -0.4342325161063806949  
-0.7352230935728785166  -0.09201345878597298744  -0.4741440200392424975  
-0.7246512749732969549  -0.07272660367025132744  -0.5153995629308587567  
-0.7132452496452641455  -0.05313061268972647799  -0.5580489182968795259  
-0.7000729836483066126  -0.03352598351586748987  -0.6013991519583226086  
-0.6840136909816786348  -0.01394812281030767195  -0.6442825547315044199  
-0.6646250949189932422  0.005675936958669586772  -0.6851578999644277745  
-0.64207710635413906  0.02475187479247157457  -0.7231578097466246913  
-0.6161905071569639958  0.0425401091363235978  -0.7588096980694042371  
-0.5867554905294911638  0.05925459602439009377  -0.793613357641741457  
-0.5544522705302457055  0.07544797764645666538  -0.8286813919102221648  
-0.5206799344027499554  0.09070561027716265989  -0.8630069752357258928  
-0.4868851717086487008  0.1037630335841884938  -0.8946800999878423699  
-0.4543039586654595841  0.1140302679586773643  -0.9243478788445868011  
-0.4242743382917735784  0.1221267534767328383  -0.9540667494429194706  
-0.3976250902515948149  0.128873143056098538  -0.9838762111437249214  
-0.3737150675517793563  0.1348904203662411871  -1.012383669761869331  
-0.3513137273200925281  0.1406214160657211498  -1.038367822478238001  
-0.3296357965833165982  0.146384462649198438  -1.060883333405683526  
-0.3085412963306671252  0.15254177086981352  -1.079371690624260083  
-0.2878848097251892058  0.1586657564885254335  -1.094369050776456742  
-0.2666763263304836595  0.1629290999558991038  -1.107236633243826374  
-0.2443029153565778877  0.1636768093882128849  -1.117706845856533793  
-0.2218426379616800781  0.1608135059108417586  -1.123578937247602827  
-0.2010241565947259723  0.1550329984247233728  -1.123790343889396137  
-0.1827489228043274461  0.1469454191662576126  -1.119444012808427757  
-0.1670434709280023411  0.1370381624667901532  -1.112364068419627428  
-0.1534401481116496602  0.1256618752464969124  -1.104227409609349175  
-0.1414068910284761726  0.1131507335305082101  -1.096208939695546336  
-0.131112725419546633  0.1001587259549724246  -1.088688286802968808  
-0.1229571381635355953  0.08743648976190218636  -1.081686844587628871  
-0.1166204302778440227  0.07524474187528423785  -1.075211674900531378  
-0.1113237663019581575  0.06329207947064370565  -1.068887004763638071  
-0.1064164199324283966  0.05110219057620725425  -1.0621056236385229  
-0.1015796675578046343  0.03842703381548123048  -1.054481221130741719  
-0.09671977053389001211  0.02545442118041604806  -1.045660463409714858  
-0.09190240104600347348  0.01243598976278268396  -1.035388952677776864  
-0.0868060654162240708  -0.0007680123619970692476  -1.024431545319067993  
-0.08052818196418377872  -0.01429549268107941674  -1.014396343094632114  
-0.07278910773535207657  -0.02774665906855015157  -1.005972095525749177  
-0.06421979467295160782  -0.04058451062386262548  -0.9986861284294223928  
-0.05544506692569019929  -0.05270021196160103866  -0.9922287352274601346  
-0.04678639777879839423  -0.06401796223237433969  -0.9865361680677101619  
-0.03831402840235718921  -0.07414343159616153256  -0.9816506154044389865  
-0.02958734120893702357  -0.08307643713388546125  -0.9779702508569209085  
-0.02021074453679251592  -0.09143300989100709708  -0.9756788804377848345  
-0.01109973567575660292  -0.09959585720419902866  -0.9745496130913570143  
-0.004169762339819181943  -0.107504207762936066  -0.9744154065188417313  
-0.0008486040192800256912  -0.1153904945722711295  -0.9753201965143264429  
-0.001495611517984133873  -0.1237382021613825517  -0.9772110988203360771  
-0.005888287687996899764  -0.1324315451894270135  -0.9799515903280930917  
-0.01367643979888340591  -0.140676534864768582  -0.9834597719005507832  
-0.02432497297645366471  -0.1476340659993744808  -0.987438551608381232  
-0.03709813502297654858  -0.1528937297583678745  -0.9916359423135320261  
-0.05085928213793999841  -0.1566513297080377454  -0.9965363712349544212  
-0.06401777995204099847  -0.1597777965052927795  -1.00307114286340604  
-0.07558029242528270519  -0.1635401407551636821  -1.011364807414179223  
-0.08602703163961623878  -0.1688665796591863333  -1.02034995526949035  
-0.09689163054991402346  -0.1757812845233014121  -1.028859442524109102  
-0.1097835297411608735  -0.1833613328855310809  -1.036591560316738381  
-0.1255357614861868643  -0.1893668312982597635  -1.044179863832504607  
-0.1443801266501510971  -0.1911429018375674083  -1.052566472360796812  
-0.1666222987334159966  -0.1880006696963148483  -1.062173350867781307  
-0.1923906247617006848  -0.1810025391534829109  -1.072646600866335564  
-0.221466642698441657  -0.1715347105974961983  -1.082478413957844499  
-0.2532984541997488903  -0.1612077188379713033  -1.088992949601141902  
-0.2864020935233337339  -0.1513219688474249647  -1.089341495467041954  
-0.3183016719263295213  -0.1421619150898386919  -1.081943023049425801  
-0.3469484898247210403  -0.1335336330059425924  -1.067921177923996323  
-0.3724893311346875735  -0.1253927532144246959  -1.050018108307602782  
-0.3971536042263306698  -0.1176753458805768343  -1.029606600879543699  
-0.4235260084968869854  -0.1101809399742939011  -1.006294717401712724  
-0.4535005601662383534  -0.1027122495173333899  -0.979668139283618733  
-0.4879233702701454289  -0.09522827827434460213  -0.9505311686206513455  
-0.5257601217398701898  -0.08940056040540088345  -0.9212816558869316719  
-0.5643374446107021214  -0.08818430360108091282  -0.8939026060071818547  
-0.6011406559086781565  -0.092028061629384178  -0.8674091248670388055  
-0.6345443715213149316  -0.09905390231378251309  -0.839078856174887977  
-0.6639994642850124418  -0.1075714694158045465  -0.8073951828044343415  
-0.6905455013191580393  -0.116472043296804148  -0.7735962717127325972  
-0.7158969679214362003  -0.125643705338583489  -0.740294063380200984  
-0.7407093031036985353  -0.1362262977643102779  -0.7084108606540093778  
-0.7641199507311338124  -0.1495222527209752739  -0.6767476339739655344  
-0.7843620813508335177  -0.1659445347869414888  -0.6439091665802315623  
-0.7998507907873526612  -0.1847142654497865577  -0.6092265043026765525  
-0.8107353795660183771  -0.2037258447152288654  -0.5721213609530617639  
-0.8186569918035994098  -0.2206878411722777433  -0.532656192362110481  
-0.8255009755708897501  -0.2352108517657545417  -0.4914683534558926259  
-0.8328248704072147568  -0.2481565563582307232  -0.4483771442840269739  
-0.8410338605865885775  -0.2590320816269564008  -0.4035145106157892458  
-0.8494987422537072508  -0.2662096877876152234  -0.3579834587478341601  
-0.8571919516088659652  -0.2685768767544654545  -0.312381090110510129  
-0.8631516829123557777  -0.2658308098625740135  -0.2665785392864673531  
-0.8670479715809219501  -0.2584446821399379313  -0.2208581437859445662  
-0.8692718564879049481  -0.2476487034460605197  -0.1764946899723561502  
-0.8707475650367691999  -0.2349121322521523503  -0.1348351759983962561  
-0.872665853340256259  -0.2213371069038323757  -0.09636373223660876786  
-0.8759396909586222302  -0.2076439863560825549  -0.06103919889799939297  
-0.8806847052915107721  -0.1943011283024302926  -0.02841352300872333758  
-0.8859930765766684813  -0.1813528328969099268  0.002445904077242931282  
-0.8905523296702058111  -0.1685870643941313751  0.03214518267272047786  
-0.8936888372384725887  -0.1560470023203463785  0.06072913101249973605  
-0.8954766633704607237  -0.1439890565486559859  0.08797783395226944914  
-0.8962116416360547122  -0.1326936287674483628  0.1132379326377634943  
-0.8957645487827317066  -0.1226351085130201884  0.1358954891426559231  
-0.8936997622785196604  -0.1141975140134045136  0.1563668747619423594  
-0.8896979592521387925  -0.1073457577491392645  0.1758954724037451733  
-0.88364751948875353  -0.1018116512468393992  0.1952094901584159881  
-0.8760493928956788467  -0.09720287528646312514  0.2141518176234626925  
-0.8678328113807738386  -0.09303699754622624107  0.2320449945758495947  
-0.8598298793233576376  -0.0890318681152392627  0.2478431172932005211  
-0.8529033232698488565  -0.08546923136118364517  0.2608917448001102368  
-0.8479862197850072114  -0.08289990584318503164  0.2710751087312116003  
-0.8456021037500068838  -0.08156713433002908686  0.2780315635923458206  
-0.845770017208110847  -0.08122082442324136953  0.2809263245765520334  
-0.848780670383990965  -0.08105822004410967452  0.2790787817196179188  
-0.85528862146090745  -0.0800281299238490007  0.2726482538294909275  
-0.8650842797699558329  -0.07714214104048651433  0.2621023414846765376  
-0.8770231454682069216  -0.0710376390604734731  0.2470343516824050067  
-0.8904542026941426602  -0.05978730359016108664  0.2262131858225261416  
-0.9048795299567162775  -0.04187825695207207655  0.1986929105258661843  
-0.9186300989481497314  -0.01735809873484766772  0.1646356976182377363  
-0.9296020692221733661  0.01236417046352294991  0.1251286904904174158  
-0.9366466627241369913  0.04605292085471141689  0.0814103475686906719  
-0.9397204353441395153  0.08349515313303682018  0.03467870376171838798  
-0.9395511211875580138  0.124882281067918835  -0.01394219277650995785  
-0.9369851218346317845  0.1700059404133654195  -0.06350287106557407635  
-0.9317560678537373242  0.2185318540599796022  -0.1128703213931270682  
-0.9224721918332423609  0.270548318474023386  -0.1606500489650135033  
-0.908021491822597171  0.3255576072103122387  -0.2056136301326256521  
-0.8883236543317568623  0.3819860874605758849  -0.2464895431844150442  
-0.8639929564787233174  0.4384395405880267549  -0.2814930958744825684  
-0.8359751032529272319  0.4942874863782145689  -0.3090487433849890553  
-0.8052267261830658995  0.548978747537987477  -0.328088922366624125  
-0.7724933242915633658  0.6013987310359809602  -0.3385752333237154188  
-0.7385696598690435488  0.650284459730280151  -0.3419258113621236328  
-0.7040802585544122527  0.6951870132319625251  -0.3392492872455608599  
-0.6692580939575016874  0.736360926544881389  -0.3308850667905794962  
-0.6343276444418666227  0.7735963211266057016  -0.3168748233505079281  
-0.5996025912398570412  0.8062064663372131568  -0.2969361277108134578  
-0.5655224860276047982  0.8339549059060265002  -0.2710364934594228226  
-0.532646266993577977  0.8570878030470043818  -0.2398806891238416672  
-0.5012277291919774447  0.8759763337171790898  -0.2048237731298611919  
-0.471134762879181157  0.8909492495349194963  -0.1670379694996134146  
-0.441910374989999355  0.9018901975109577807  -0.1267488975586164301  
-0.4130228697422960726  0.9082421034336485288  -0.08351417742424166457  
-0.3845870364725404444  0.9098738986930743344  -0.03710769548040892402  
-0.3571201708045884105  0.907378653287613024  0.01209295884020139371  
-0.3308907239852121318  0.9015215556153500787  0.06302191443123840442  
-0.3060689002129004521  0.8929910863551066003  0.1140838026524667453  
-0.2829448348483877829  0.8825042460843530723  0.1637135876253489053  
-0.2619158755613834044  0.87080654992050055  0.2107462323660356518  
-0.2434690149755283639  0.8586331573741926571  0.2544979980201097503  
-0.2280053213188714123  0.8466825418247243551  0.2947528851952209705  
-0.2154464372470107358  0.8354902471193335067  0.3314586719492134126  
-0.2051229179297139882  0.8253768097524614156  0.3644660788377449556  
-0.1962905330569628404  0.8162929336565449834  0.3937236022196800023  
-0.1886308052685804759  0.807880983541191755  0.4192459822466654273  
-0.1821310544216740712  0.7999189111644838812  0.4409882852533743014  
-0.1767340912372359352  0.7926539789428201921  0.4589938573180085135  
-0.1724101803487415319  0.7868748961675657849  0.473418146681175378  
-0.1692865363950777358  0.7831759253787541342  0.4844838931783794767  
-0.1674280185547696032  0.7811716128539437642  0.4923996928467339607  
-0.1664692189985325921  0.7802274762628487181  0.4970074640598718396  
-0.1657886195761920922  0.7804438572718338518  0.4979350285497328721  
-0.1650223092071685382  0.7820191636965481141  0.4951591075922886498  
-0.1641357543836817479  0.7847756568501482732  0.4886790564038618889  
-0.1634510625424737129  0.7884707256848023649  0.4782727692359616256  
-0.1631235190010311698  0.7929395943798090984  0.4630929944917409613  
-0.1633845863747399041  0.7990159999077928177  0.4416299981891492199  
-0.1651957370568892247  0.8084377880653959014  0.413344368681611396  
-0.1688859070001475782  0.82208850436801717  0.3788113027070229011  
-0.1735580076857745346  0.8391199661293435863  0.338813887671440106  
-0.1782222229273837666  0.8571441766785293792  0.2950175026544532564  
-0.1823901258829195293  0.8730531581170393185  0.2501059319076966436  
-0.1858607938520025482  0.8841978817837395921  0.2056865992724647152  
-0.1889976736623402986  0.889594447400316235  0.1610417893531514155  
-0.1931571643883321643  0.8900508686330222963  0.1147149014068981482  
-0.199490082994115886  0.8864785902336643764  0.0655432065968616917  
-0.2082776305164786013  0.8787395976234232409  0.01278069998053466515  
-0.2195705613211245688  0.8659089317873819303  -0.04265483491398100457  
-0.2328674943674622355  0.8458096913116793791  -0.09806276474990914538  
-0.2472492103831885057  0.8160128256651150158  -0.1508467331673247203  
-0.2623451819529726836  0.7764348298424376127  -0.2003814859602732756  
-0.2782815490575070161  0.7290172392816944846  -0.2482953080804241874  
-0.29536727336484353  0.6762619213476981361  -0.2962448104429289408  
-0.3138511776698688638  0.6205419105025518078  -0.3442077761384502721  
-0.3335593247848054888  0.5637150084892728064  -0.3914730206971230309  
-0.3540368010199159143  0.5070434843397896296  -0.4374927525247548354  
-0.3749233159188339881  0.4508472971568653898  -0.4822740553486384862  
-0.3959725271512932743  0.3943607029094618466  -0.5266645168356625106  
-0.4168966960867564464  0.3365512662741941829  -0.5710042793206768774  
-0.4376931465135556198  0.2776609590923903026  -0.6139880883272889056  
-0.4584379257277992337  0.2198732914372065195  -0.6539604439626719445  
-0.4783741361906230227  0.1659879251244272269  -0.6904653464256296225  
-0.4961574747958631404  0.1176165067210082071  -0.7237173859650374297  
-0.5110359710234020358  0.07477159185565401822  -0.753365448612249522  
-0.5232413154865922511  0.03645216027070647541  -0.7785341206047416973  
-0.5332393008741479479  0.001295159753491078713  -0.7987341697130334595  
-0.5409828994266608904  -0.03179179756560757825  -0.814109551529331732  
-0.5459464512296200445  -0.06308248628624044119  -0.8252032202991154142  
-0.5476755848839391927  -0.09218600393423428963  -0.8328674795737555092  
-0.5456272185376679351  -0.1187670091297406971  -0.8383225865392539555  
-0.5387182023150929311  -0.142892072566856515  -0.8432329047508961839  
-0.5265165473169144406  -0.1646062886354321964  -0.8487804444726837483  
-0.5103335191565688822  -0.1836271702729907196  -0.8548715726306406193  
-0.4922963960000564798  -0.1996286232000314409  -0.8608071901500100598  
-0.4739770260635701726  -0.2125604866618100441  -0.8662232311918962591  
-0.4560363729789916887  -0.2227292353110220946  -0.8713607300903903896  
-0.4386636377789808194  -0.2303832017899946627  -0.8764567677716299521  
-0.4220411247659170972  -0.2354409071554202093  -0.881507519241413906  
-0.4065464988182394546  -0.2377825128784433473  -0.886623159949708084  
-0.3924884884580465139  -0.2373941695126131624  -0.8919396993664736595  
-0.3797332710174887715  -0.2344986103240454811  -0.8974694081209525498  
-0.3676879994028520726  -0.2297897114435833166  -0.9033242888029254791  
-0.3555327541219553411  -0.224041277423056101  -0.9099012790140578177  
-0.34255071372635848  -0.2173454345787337871  -0.9176251252239333578  
-0.3284370287645132502  -0.2091288214818880775  -0.9267649554292917147  
-0.3132645329348972552  -0.1989254107198554222  -0.9374554201529499142  
-0.2970762883623120354  -0.1867867236128896435  -0.949569605290994545  
-0.2797440783614096871  -0.1729972834703417672  -0.9628036356834824838  
-0.261176549675993297  -0.1577224986693058495  -0.9769810214411919214  
-0.2417504668836242265  -0.1408776726570188376  -0.9914371442685804281  
-0.2222280674569150627  -0.1223448805026901703  -1.005239897029095886  
-0.2029964164113919611  -0.1026129580764467558  -1.018114622440868589  
-0.1840389051164979251  -0.08284049247245016401  -1.029657362163332701  
-0.1649864376780874053  -0.06401470773059746155  -1.03912997429643883  
-0.1460761784195849788  -0.04692184260287810688  -1.046883833773498029  
-0.1282676619134362206  -0.0329141915003317298  -1.055563903529945113  
-0.1110539900561819671  -0.02395089661417051236  -1.067373203278544791  
-0.09363545860504689233  -0.02069315538561208173  -1.081178345660791962  
-0.0767266151940146357  -0.0212253299303387967  -1.094118771416507707  
-0.06119038835093200401  -0.02344853808788458296  -1.103623934471785972  
-0.04707742202204511645  -0.02674820797732179248  -1.108656115066594783  
-0.03394787339438718604  -0.03101140574165023311  -1.109576021538249968  
-0.0215259067324448522  -0.03581103393064019591  -1.107160086817616573  
-0.01001254186596947475  -0.04054249817590663274  -1.101980724575744475  
0.0001434462018091007976  -0.04479317565017828379  -1.094270291580645926  
0.00846577862310224534  -0.04866591746359138354  -1.084636678723630343  
0.0146995549217579808  -0.0529393950231595925  -1.07422596358289657  
0.01884325430831248344  -0.05808552202564920552  -1.06417630882034997  
0.02097421756676750779  -0.06370837505998734607  -1.055465663833150325  
0.02156774940092030454  -0.06915868984338932601  -1.04844034024134336  
0.0213700102124623724  -0.07391308155505012245  -1.042587499501154369  
0.02088976107587230471  -0.07773285815574157431  -1.037272134678676849  
0.02040130553014968956  -0.08052921216867531262  -1.031965439186805389  
0.01997657002434493484  -0.08230750302716632882  -1.026419327757490008  
0.01936963491902895032  -0.08332311461212967008  -1.020775947326280964  
0.01819510807079046527  -0.08395537474406276901  -1.015371265434307002  
0.01618883768537995871  -0.08446732450881459797  -1.010533401198654868  
0.01324661933961427361  -0.08485821555082480316  -1.006435164561821249  
0.009462050174980711839  -0.08490643403815426038  -1.002610827519968328  
0.005120747318355683975  -0.08443956981143137253  -0.9977575455001281846  
0.0006659974852393326424  -0.08356448532336678559  -0.9932399961358917562  
-0.003734997041308434854  -0.08244279064427914583  -0.9919931448801780904  
-0.008825902135888043926  -0.08104403185402481169  -0.9933142149796634346  
-0.01620117450568733103  -0.0785936880750639083  -0.9938971324087069181  
-0.02645878469780751571  -0.07443402079839339658  -0.9905808826863924388  
-0.03836835728489514097  -0.06936598768166234164  -0.9832022300560853134  
-0.05079735737666103701  -0.06395633436171836717  -0.9755953301839750402  
-0.06272331170255636412  -0.05833849597033584355  -0.9699671405271057534  
-0.07293380037064445265  -0.05334620929506588699  -0.9660807638824163712  
-0.08111976942327567275  -0.04957144601190446864  -0.9651042127826345851  
-0.08780908215048791043  -0.04698062833141336547  -0.966203198671250485  
-0.09380785717276110547  -0.04521217129823453668  -0.9673800110687921228  
-0.09956051975687828237  -0.04387455044417537531  -0.9683778989906772772  
-0.1048906135083974012  -0.04287362186082423893  -0.9692628969222364388  
-0.1094135799754991228  -0.04232038108869630444  -0.9703842077625797202  
-0.112896110326845836  -0.04226596358226419187  -0.9719630413979645223  
-0.1152413326594826926  -0.04254759455338006507  -0.9738749469138254788  
-0.1164874658887011527  -0.04287854022272443583  -0.9758246984034156801  
-0.1168966925235650073  -0.04305988863985881626  -0.9775295389355491693  
-0.116717821388001769  -0.04305085603854042625  -0.978931355273460424  
-0.1160040508158907691  -0.04290639930655688883  -0.9801558451143403961  
-0.1147478460670546957  -0.04271801638406965557  -0.9813229079742217253  
-0.1130294553210708791  -0.04252645830543111405  -0.9824226755571149328  
-0.1110258956097448096  -0.04228678662009396211  -0.983374481517767185  
-0.1088622428079567689  -0.041975332934323345  -0.9841546435209808097  
-0.1065902776927127593  -0.04162438666586051189  -0.9847959577750217131  
-0.1042641883648266765  -0.04126042034305413969  -0.9853710656523522182  
-0.1019333909436406227  -0.04091607939233123797  -0.9859559297113764664  
-0.09966513184623469745  -0.04064464626414680121  -0.9865196544057454053  
-0.09754232179804740721  -0.0404596037806710801  -0.9869193031454989162  
-0.09560707441297174036  -0.04030919633964915455  -0.9871465566496480104  
-0.09383305211148763869  -0.04014038510212027122  -0.9872897526662252066  
-0.09217190515938693263  -0.03995533533696514483  -0.9874265730541518238  
-0.09063679201553360987  -0.03976121814846499819  -0.9876310344246044259  
-0.08928738544712296055  -0.03954190056591291857  -0.9878479991240678437  
-0.0881452831880003701  -0.03930734804322249393  -0.9879893977514120351  
-0.08718774451009726756  -0.03909886342424094552  -0.9880616551050286356  
-0.0864073488389467681  -0.03897076586521874136  -0.988109677223184435  
-0.08579608869748986399  -0.03893179287188184429  -0.9881428916655463635  
-0.08531970206082901964  -0.0389156639786914782  -0.9881469278790030453  
-0.08496282110862157788  -0.03889077755632978917  -0.9881382448464046675  
-0.0846971206708966029  -0.03889258082667023525  -0.9881356370554712498  
-0.08449916006487065423  -0.03893229556067099445  -0.9881215457081906628  
-0.08438267064889223845  -0.03895708667737976527  -0.9881422140713203017  
-0.08433908337805855193  -0.03892497457369474556  -0.9883040185949993894  
-0.08435467642415288292  -0.03885908606545694643  -0.9885590233640052515  
-0.08441350766657042259  -0.03878444336070032555  -0.9887530161121187433  
-0.0844787610246597459  -0.03872127839798672477  -0.988828472935153191  
-0.08454061028558622348  -0.03868519484728318719  -0.9888613799678502847  
-0.0846085996833306625  -0.03866592796695660084  -0.988913779896116063  
-0.08465411978821500705  -0.03865539481452991838  -0.9889098364505980454  
-0.08464959798725568696  -0.03862494095476571437  -0.9888170508750150356  
-0.08460586210016636521  -0.038551640252968776  -0.9886714120420762031  
-0.08450961648908530965  -0.03845673271861960174  -0.9884755085450466217  
-0.08435095136900208623  -0.03835770644977597871  -0.9882541831436790769  
-0.08420983666825211655  -0.03829014084947703761  -0.9880346612691550678  
-0.08413276315657187976  -0.03828749514447625513  -0.9878763401829218083  
-0.08409135070859637129  -0.03832598805356024485  -0.9878514792653892984  
-0.08407560603804750676  -0.03837466663402982342  -0.9878798370180020827  
-0.08407721238288982935  -0.0384305889621963867  -0.9878364305211990715  
-0.08409818177090874758  -0.03849657063156000647  -0.9877257755973216646  
-0.08412810632210265815  -0.03858014172798576724  -0.9875744630568163984  
-0.0841645387383687521  -0.03867586249958031297  -0.9873939465197982823  
-0.08422702478530957881  -0.03875694762636889418  -0.9872539235275678005  
-0.08429173480002323526  -0.03883567779481171545  -0.9871708271930033085  
-0.08433979158308262114  -0.03892734931459881226  -0.9871403204642212881  
-0.08438959843147433859  -0.03901610014961529038  -0.9872015738981722022  
-0.08445839251814603321  -0.03906197818306556685  -0.9872919007868756758  
-0.08454171444654570711  -0.03905042976504078528  -0.9874035071494906557  
-0.08461647105282213421  -0.03902071960655145721  -0.9875727300456783597  
-0.08467272867386425872  -0.03897729600249068976  -0.9877192192113029012  
-0.08470260443878709078  -0.03891836054119626048  -0.9878224336755893065  
-0.08469935631514501073  -0.0388538913101876271  -0.9879047736273528502  
-0.08468656533780409557  -0.03879200147684153804  -0.9879255269241143944  
-0.08467622661450757704  -0.03874987822824962208  -0.9879237382583017091  
-0.08465074880450176864  -0.03872443488130593303  -0.9879632224887547887  
-0.08460982699421064346  -0.03870766399165809224  -0.9879535988161897153  
-0.08455727303547112828  -0.03871487126189470523  -0.9878669672125308665  
-0.0844898791287212042  -0.03874661889005844712  -0.9877746351872777053  
-0.08441911261378363951  -0.03876424123570657021  -0.9876690490873101247  
-0.08434248077990666448  -0.03875916456407204475  -0.9875442764146189489  
-0.08426327776666263369  -0.03871936160560773138  -0.9874231400209803056  
-0.08420728949491808335  -0.038608318186816655  -0.9873133546087906609  
-0.08418830429615493938  -0.03842619756421932625  -0.9872099384035560865  
-0.08419920035028821692  -0.0381966887338885952  -0.9871139155032309098  
-0.08421559816067265836  -0.03797846745413925584  -0.987025687127181528  
-0.08423383777958852459  -0.03780719682373528262  -0.9869943716681166546  
-0.08426329110794714139  -0.03767165695928385849  -0.9870690382070443913  
-0.0842736682047388469  -0.03759014462901329179  -0.9871831990350672381  
-0.08425805765730680352  -0.03756495106351059876  -0.9872775691837861745  
-0.08424989535887038306  -0.03757975162013844905  -0.9873273492516024818  
-0.08423739178222891533  -0.03762075305894714561  -0.9873239113543199608  
-0.08420054344751146114  -0.03765425772062517412  -0.9873046651160112264  
-0.08415592479316018337  -0.03768102165859307795  -0.9872787677384251559  
-0.08413279986300216395  -0.03772928056206090175  -0.9872214744366345496  
-0.08415945339748535925  -0.03781541574315335635  -0.9871354041331947826  
-0.08422419258470001391  -0.03794637909875328563  -0.9870606777069320659  
-0.08426378222235968163  -0.03808859886686527529  -0.9870174995977393229  
-0.08425596542087107621  -0.03820927647019583401  -0.9870055312060389552  
-0.08424824873757356947  -0.03832643950929864873  -0.9870031738976661195  
-0.0842629430981684524  -0.03844360570440747554  -0.9869818384514462695  
-0.08427970008807619817  -0.03853610010786134854  -0.986945523322597662  
-0.08430374562542730654  -0.03859020832679650043  -0.9869035159376851052  
-0.08433884253815361609  -0.0385958044368896816  -0.9868796200561709142  
-0.08436027275558220795  -0.03854052303278895225  -0.9869028943813535903  
-0.08436470200447460099  -0.03844887388070326872  -0.9869416881839928601  
-0.08436565048844123227  -0.03836311799122663069  -0.9869651566690399447  
