-0.3082730000000000192  -0.4040679999999999827  -0.7354739999999999611  
-0.3116300000000000181  -0.3979800000000000004  -0.7843630000000000324  
-0.3083650000000000002  -0.3433069999999999733  -0.8106379999999999697  
-0.3469240000000000101  -0.3648989999999999734  -0.8112639999999999851  
-0.301285000000000025  -0.4058689999999999798  -0.8535610000000000142  
-0.261475000000000013  -0.4596709999999999963  -0.9282070000000000043  
-0.25448599999999999  -0.4131319999999999992  -0.8645629999999999704  
-0.2182769999999999988  -0.3766939999999999733  -0.815078999999999998  
-0.1835630000000000039  -0.3620610000000000217  -0.8018039999999999612  
-0.1781310000000000116  -0.375  -0.8026889999999999858  
-0.1700129999999999975  -0.3978579999999999894  -0.8221279999999999699  
-0.1792300000000000004  -0.3828739999999999921  -0.8359379999999999589  
-0.2218779999999999919  -0.3964840000000000031  -0.8483730000000000437  
-0.227859000000000006  -0.413314999999999988  -0.8641360000000000152  
-0.2153930000000000011  -0.413314999999999988  -0.902008000000000032  
-0.1726070000000000104  -0.3708650000000000002  -0.906158000000000019  
-0.08781400000000000317  -0.3981480000000000019  -0.9614869999999999806  
-0.1132510000000000044  -0.5074159999999999782  -0.8975680000000000325  
-0.169525000000000009  -0.5230259999999999909  -0.8584289999999999976  
-0.1781459999999999988  -0.4504090000000000038  -0.8633579999999999588  
-0.1724239999999999939  -0.4176480000000000192  -0.868102999999999958  
-0.1324770000000000114  -0.4099729999999999763  -0.8576810000000000267  
-0.1217040000000000066  -0.4756159999999999832  -0.8790890000000000093  
-0.1287989999999999968  -0.5144039999999999724  -0.8372500000000000497  
-0.1404269999999999963  -0.5391390000000000349  -0.8511349999999999749  
-0.1434020000000000017  -0.5291289999999999605  -0.87268100000000004  
-0.1515050000000000008  -0.4664460000000000273  -0.886383000000000032  
-0.1031799999999999939  -0.5154419999999999558  -0.8925170000000000048  
-0.0993190000000000045  -0.4946289999999999853  -0.8768010000000000526  
-0.1131739999999999968  -0.4628300000000000192  -0.8301089999999999858  
-0.1402130000000000043  -0.4518429999999999946  -0.7709200000000000497  
-0.1718600000000000128  -0.482468000000000008  -0.7528989999999999849  
-0.1899109999999999965  -0.5429079999999999462  -0.7728120000000000545  
-0.1941990000000000105  -0.533828999999999998  -0.8314970000000000416  
-0.1779169999999999918  -0.4842069999999999985  -0.8585359999999999658  
-0.1350250000000000061  -0.4606020000000000114  -0.8841710000000000402  
-0.09393300000000000261  -0.4677890000000000104  -0.9069669999999999677  
-0.07769800000000000317  -0.4391169999999999796  -0.8822480000000000322  
0.1124420000000000003  -0.5535430000000000073  -0.9662479999999999958  
0.1696779999999999955  -0.5598910000000000275  -0.9555820000000000425  
0.01975999999999999979  -0.3592989999999999795  -0.8815309999999999535  
-0.06214900000000000285  -0.3408970000000000056  -0.8593899999999999872  
-0.09016399999999999415  -0.384338000000000013  -0.9106899999999999995  
-0.1074070000000000025  -0.3761599999999999944  -0.9598079999999999945  
-0.09298700000000000021  -0.4010310000000000263  -0.9987030000000000074  
-0.07685899999999999677  -0.4170679999999999943  -0.9818569999999999798  
-0.07290599999999999858  -0.4280849999999999933  -0.9583439999999999737  
-0.07730099999999999472  -0.4291079999999999894  -0.9281310000000000393  
-0.07305899999999999894  -0.4212040000000000228  -0.906569999999999987  
-0.06485000000000000486  -0.406372000000000011  -0.9005579999999999696  
-0.05889899999999999997  -0.4004360000000000142  -0.9160770000000000302  
-0.06008899999999999658  -0.3974610000000000087  -0.9112090000000000467  
-0.0748140000000000055  -0.4003450000000000064  -0.9085079999999999822  
-0.09492499999999999549  -0.411102000000000023  -0.9186250000000000249  
-0.1124269999999999992  -0.402100000000000013  -0.8954619999999999802  
-0.1064149999999999957  -0.4249729999999999897  -0.9071040000000000214  
-0.08447300000000000642  -0.454909999999999981  -0.912642999999999982  
-0.05078099999999999975  -0.4939580000000000082  -0.892623999999999973  
-0.02012600000000000153  -0.5160829999999999584  -0.8462520000000000042  
0.004883000000000000188  -0.4884950000000000125  -0.8145449999999999635  
-0.01544200000000000086  -0.4694670000000000232  -0.8216860000000000275  
-0.03862000000000000155  -0.4652709999999999901  -0.8601680000000000437  
-0.0467829999999999982  -0.4631350000000000189  -0.9071810000000000151  
-0.05253599999999999937  -0.4620509999999999895  -0.919968000000000008  
-0.05607600000000000084  -0.4829709999999999837  -0.8955990000000000339  
-0.06295800000000000007  -0.4969020000000000103  -0.8644870000000000054  
-0.0627289999999999931  -0.5148470000000000546  -0.8371579999999999577  
-0.06750499999999999556  -0.5437159999999999771  -0.7806089999999999973  
-0.05748000000000000331  -0.5507809999999999651  -0.7745819999999999927  
-0.0414889999999999981  -0.557845999999999953  -0.7714229999999999698  
-9.200000000000000007e-05  -0.5799710000000000143  -0.7776180000000000314  
0.001616999999999999948  -0.5033570000000000544  -0.8214420000000000055  
-0.01373300000000000042  -0.4723970000000000113  -0.8578189999999999982  
-0.01805100000000000107  -0.4792790000000000106  -0.8793790000000000218  
-0.03747600000000000237  -0.4841159999999999908  -0.8845830000000000082  
-0.05171200000000000102  -0.4989169999999999994  -0.8838500000000000245  
-0.05429099999999999898  -0.5138239999999999474  -0.8721769999999999801  
-0.0377040000000000014  -0.5139620000000000299  -0.8621520000000000294  
-0.2158360000000000001  -0.5058439999999999603  -0.8396150000000000002  
-0.209746999999999989  -0.4830320000000000169  -0.8443910000000000027  
-0.2019350000000000034  -0.478088000000000013  -0.8500980000000000203  
-0.1992339999999999944  -0.4691620000000000235  -0.8558959999999999901  
-0.1953890000000000071  -0.4691930000000000267  -0.8499759999999999538  
-0.1981960000000000111  -0.4741520000000000179  -0.8470919999999999561  
-0.2029420000000000113  -0.4770969999999999933  -0.8511050000000000004  
-0.2090150000000000063  -0.478057999999999983  -0.8404540000000000344  
-0.2186889999999999945  -0.4809880000000000266  -0.8445129999999999582  
-0.2164459999999999995  -0.4929499999999999993  -0.8327639999999999487  
-0.2135930000000000051  -0.4889680000000000137  -0.8356479999999999464  
-0.2088470000000000049  -0.4860380000000000256  -0.8326419999999999932  
-0.2087710000000000121  -0.4830320000000000169  -0.8433840000000000225  
-0.1930540000000000034  -0.4791409999999999836  -0.8480069999999999553  
-0.1843259999999999899  -0.4752350000000000185  -0.8488459999999999894  
-0.1919250000000000123  -0.4622959999999999847  -0.8372190000000000465  
-0.2028200000000000003  -0.4602359999999999784  -0.8383939999999999726  
-0.2084050000000000069  -0.4651339999999999919  -0.8482509999999999772  
-0.2237850000000000117  -0.4739689999999999737  -0.8504329999999999945  
-0.2333679999999999921  -0.4798740000000000228  -0.8535460000000000269  
-0.2343290000000000095  -0.4828640000000000154  -0.8477019999999999555  
-0.2365879999999999928  -0.4768830000000000013  -0.8448029999999999706  
-0.2227020000000000111  -0.4849399999999999822  -0.8318940000000000223  
-0.2164310000000000123  -0.4969330000000000136  -0.8239900000000000002  
-0.2203060000000000018  -0.4969020000000000103  -0.8289180000000000437  
-0.2253419999999999868  -0.4928890000000000216  -0.8319550000000000001  
-0.2386169999999999958  -0.4997249999999999748  -0.8477780000000000316  
-0.2474979999999999958  -0.5006709999999999772  -0.8450010000000000021  
-0.2581180000000000141  -0.5065460000000000518  -0.8442079999999999584  
-0.2651370000000000116  -0.5055079999999999574  -0.8404080000000000439  
-0.2642970000000000041  -0.4955600000000000005  -0.8550259999999999527  
-0.258529999999999982  -0.4896240000000000037  -0.8588409999999999656  
-0.2598719999999999919  -0.4836579999999999768  -0.8520360000000000156  
-0.274276999999999993  -0.4994959999999999956  -0.8385930000000000328  
-0.3051909999999999901  -0.5061949999999999505  -0.8606110000000000149  
-0.3137210000000000276  -0.5190730000000000066  -0.8509830000000000449  
-0.3027340000000000031  -0.5251310000000000144  -0.8459320000000000173  
-0.298659999999999981  -0.5281369999999999676  -0.8468480000000000452  
-0.3056949999999999945  -0.5231019999999999559  -0.8498839999999999728  
-0.357132000000000005  -0.5226750000000000007  -0.8995509999999999895  
-0.4328609999999999958  -0.5449829999999999952  -0.9174189999999999845  
-0.4808040000000000092  -0.5546109999999999651  -0.917220999999999953  
-0.5490880000000000205  -0.5838780000000000081  -0.9515839999999999854  
-0.57132000000000005  -0.5905460000000000154  -1.02131700000000003  
-0.5772859999999999658  -0.609375  -1.034134000000000109  
-0.5515750000000000375  -0.6633299999999999752  -0.9732060000000000155  
-0.4921719999999999984  -0.660811999999999955  -0.9360960000000000392  
-0.4295959999999999779  -0.622588999999999948  -0.8754579999999999584  
-0.4235229999999999828  -0.5699459999999999527  -0.8889470000000000427  
-0.4291530000000000067  -0.5380399999999999627  -0.919296000000000002  
-0.4727480000000000016  -0.5768280000000000074  -0.7588810000000000278  
-0.5878910000000000524  -0.5901030000000000442  -0.6816100000000000492  
-0.6069489999999999608  -0.5424189999999999845  -0.5968630000000000324  
-0.5980220000000000535  -0.4770659999999999901  -0.5145720000000000294  
-0.6014859999999999651  -0.4175570000000000115  -0.4451899999999999746  
-0.6171419999999999684  -0.3578799999999999759  -0.4131469999999999865  
-0.6241459999999999786  -0.3409880000000000133  -0.3878329999999999833  
-0.6277770000000000294  -0.3621369999999999867  -0.2404020000000000046  
-0.6840969999999999551  -0.3957979999999999832  -0.09774800000000000155  
-0.7285310000000000397  -0.4104920000000000235  -0.05941799999999999859  
-0.770355000000000012  -0.4191280000000000006  -0.07377599999999999436  
-0.841995000000000049  -0.3975219999999999865  -0.2009279999999999955  
-0.8889620000000000299  -0.4180150000000000254  -0.2339479999999999893  
-0.9251559999999999784  -0.4566649999999999876  -0.1622919999999999918  
-0.9316860000000000142  -0.3255160000000000275  -0.131957999999999992  
-0.7756960000000000521  -0.283828999999999998  -0.1244959999999999956  
-0.7751770000000000049  -0.2640379999999999949  -0.08244300000000000239  
-0.7887119999999999687  -0.2680210000000000092  -0.03091400000000000051  
-0.8055419999999999803  -0.2808990000000000098  0.001998999999999999909  
-0.8337550000000000239  -0.2758030000000000204  0.02696199999999999986  
-0.8561400000000000121  -0.2687229999999999897  0.05201700000000000074  
-0.863785000000000025  -0.2736359999999999904  0.04891999999999999821  
-0.8764950000000000241  -0.2715609999999999968  0.03797899999999999887  
-0.8736720000000000041  -0.263595999999999997  0.02827500000000000152  
-0.8622589999999999977  -0.2397610000000000019  -0.002762000000000000132  
-0.8529360000000000275  -0.222916000000000003  -0.009429999999999999147  
-0.8376620000000000177  -0.2259519999999999862  -0.03066999999999999935  
-0.8259119999999999795  -0.2518920000000000048  -0.02464300000000000171  
-0.8642729999999999579  -0.2784579999999999833  -0.02920499999999999832  
-0.8963470000000000049  -0.2752080000000000082  -0.06292699999999999683  
-0.9063870000000000537  -0.2661589999999999789  -0.07382199999999999873  
-0.9116819999999999924  -0.2561950000000000061  -0.07389800000000000535  
-0.9207610000000000516  -0.2551570000000000227  -0.06428499999999999492  
-0.9071810000000000151  -0.2502750000000000252  -0.06307999999999999718  
-0.8804319999999999924  -0.252456999999999987  -0.06458999999999999464  
-0.8876800000000000246  -0.2583010000000000028  -0.09011800000000000366  
-0.9178309999999999524  -0.2689360000000000084  -0.147263000000000005  
-0.9362030000000000074  -0.2617800000000000127  -0.1856690000000000007  
-0.9449769999999999559  -0.2626950000000000118  -0.1887359999999999871  
-0.9412989999999999968  -0.2577670000000000239  -0.1847689999999999888  
-0.9292599999999999749  -0.269791000000000003  -0.1699370000000000047  
-0.9277339999999999476  -0.2588809999999999722  -0.1679529999999999912  
-0.9162749999999999506  -0.2550049999999999817  -0.1550600000000000034  
-0.9169620000000000548  -0.2689360000000000084  -0.1404269999999999963  
-0.906082000000000054  -0.2511599999999999944  -0.1255799999999999972  
-0.8877260000000000151  -0.2214969999999999994  -0.1125339999999999951  
-0.8685460000000000402  -0.2156980000000000008  -0.09365800000000000514  
-0.8825380000000000447  -0.207626000000000005  -0.1017149999999999999  
-0.8833919999999999551  -0.2035059999999999925  -0.1769409999999999872  
-0.870438000000000045  -0.2054600000000000037  -0.2382660000000000056  
-0.863449000000000022  -0.2153779999999999861  -0.2801669999999999994  
-0.8413540000000000463  -0.2273249999999999993  -0.3355099999999999749  
-0.7913970000000000171  -0.2416989999999999972  -0.2829439999999999733  
-0.7333979999999999944  -0.2382050000000000001  -0.2224119999999999986  
-0.675949000000000022  -0.2416840000000000099  -0.1726380000000000137  
-0.6340329999999999577  -0.2400359999999999994  -0.1485140000000000071  
-0.5874179999999999957  -0.2413019999999999887  -0.1634059999999999957  
-0.5595550000000000246  -0.2046509999999999996  -0.2029720000000000135  
-0.4707640000000000158  -0.203018000000000004  -0.3265689999999999982  
-0.334975999999999996  -0.2263640000000000096  -0.5520319999999999672  
-0.1725460000000000049  -0.2647249999999999881  -0.8005069999999999686  
-0.05914300000000000113  -0.2949829999999999952  -0.9677120000000000166  
-0.01081799999999999949  -0.2930909999999999904  -1.090027000000000079  
-0.06623800000000000521  -0.2510379999999999834  -1.05569500000000005  
-0.03418000000000000205  -0.2305760000000000032  -0.9584500000000000242  
0.02108799999999999911  -0.2240600000000000092  -0.9184719999999999551  
0.0595089999999999994  -0.2233279999999999987  -0.919799999999999951  
0.05349700000000000288  -0.2083440000000000014  -0.9482120000000000548  
0.05093400000000000011  -0.1843110000000000026  -1.026367000000000029  
0.05485500000000000098  -0.192108000000000001  -1.124007999999999896  
0.08224499999999999866  -0.2170410000000000117  -1.171462999999999921  
0.1222229999999999983  -0.2272190000000000043  -1.181580000000000075  
0.1511379999999999946  -0.1965480000000000005  -1.212326000000000015  
0.1621859999999999968  -0.1429439999999999877  -1.229675000000000074  
0.1812739999999999907  -0.1350250000000000061  -1.269393999999999911  
0.1612240000000000062  -0.1429290000000000005  -1.230666999999999955  
0.1599579999999999891  -0.1350709999999999966  -1.174010999999999916  
0.1683959999999999901  -0.1441500000000000004  -1.126999000000000084  
0.176253999999999994  -0.1403349999999999875  -1.076079999999999925  
0.1988370000000000137  -0.1454930000000000112  -1.058121000000000089  
0.2086179999999999979  -0.1405939999999999968  -1.06481899999999996  
0.2011870000000000047  -0.1444550000000000001  -1.083496000000000015  
0.2024690000000000101  -0.1444400000000000128  -1.10202  
0.2117459999999999898  -0.1444550000000000001  -1.125335999999999892  
0.2026370000000000116  -0.1344450000000000089  -1.134247000000000005  
0.1945040000000000102  -0.1274260000000000115  -1.13532999999999995  
0.1999970000000000081  -0.147369  -1.122573999999999961  
0.2019960000000000089  -0.1763149999999999995  -1.059096999999999955  
0.2085269999999999901  -0.1814119999999999899  -1.023819000000000035  
0.2039489999999999914  -0.198287999999999992  -1.00730900000000001  
0.1889500000000000068  -0.1992339999999999944  -0.9929050000000000376  
0.1829379999999999895  -0.201201999999999992  -0.9822539999999999605  
0.1822809999999999986  -0.2161250000000000115  -0.9676360000000000516  
0.2026370000000000116  -0.2649839999999999973  -0.9527130000000000321  
0.2453609999999999958  -0.3060459999999999847  -0.9364470000000000294  
0.2420809999999999906  -0.3289030000000000009  -0.9238279999999999825  
0.2181240000000000123  -0.3604890000000000039  -0.950637999999999983  
0.2024839999999999973  -0.4368900000000000006  -0.9597630000000000328  
0.2358699999999999963  -0.5344999999999999751  -0.9622960000000000402  
0.245391999999999999  -0.5238490000000000091  -0.8507540000000000102  
0.229553000000000007  -0.5616759999999999531  -0.7602229999999999821  
0.2190090000000000092  -0.6601719999999999811  -0.6696619999999999795  
0.2271730000000000138  -0.7388000000000000123  -0.6237030000000000074  
0.2407529999999999948  -0.7816159999999999775  -0.629410000000000025  
0.2699579999999999758  -0.8225710000000000521  -0.6309510000000000396  
0.2552639999999999909  -0.8215940000000000465  -0.5803829999999999822  
0.2203670000000000073  -0.8354639999999999844  -0.4676509999999999834  
0.1836849999999999872  -0.8562159999999999771  -0.4067230000000000012  
0.144791000000000003  -0.8809510000000000396  -0.3243409999999999904  
0.1306299999999999961  -0.8790280000000000316  -0.2483829999999999927  
0.1169589999999999935  -0.9068599999999999994  -0.193924000000000013  
0.06425500000000000655  -0.9385989999999999611  -0.03556800000000000239  
0.06626899999999999458  -0.9655610000000000026  0.02400199999999999903  
0.06196600000000000025  -0.955703999999999998  0.08155800000000000549  
0.05143699999999999661  -0.9378509999999999902  0.1390530000000000099  
0.0371399999999999994  -0.9299619999999999553  0.2101439999999999975  
0.02711500000000000021  -0.9160460000000000269  0.2471160000000000023  
0.01249699999999999943  -0.9159239999999999604  0.2371219999999999994  
0.003403000000000000209  -0.9338530000000000442  0.2916409999999999836  
-0.003432999999999999854  -0.9556580000000000075  0.2788089999999999735  
-0.01446500000000000043  -0.9527280000000000193  0.3411560000000000148  
-0.03143300000000000261  -0.9317630000000000079  0.3643489999999999784  
-0.03031899999999999873  -0.9140470000000000539  0.4337619999999999809  
-0.02105699999999999933  -0.9171599999999999753  0.4759059999999999957  
-0.002060000000000000199  -0.9073940000000000339  0.4957579999999999765  
0.02191200000000000092  -0.9026340000000000474  0.5244750000000000245  
0.03936800000000000022  -0.8719639999999999613  0.5296939999999999982  
0.0487980000000000011  -0.8432309999999999528  0.5464940000000000353  
0.04467800000000000243  -0.8164059999999999651  0.5552369999999999806  
0.03875699999999999978  -0.8163599999999999746  0.5551449999999999996  
0.03916900000000000243  -0.8232880000000000198  0.5463559999999999528  
0.04782100000000000239  -0.8392330000000000068  0.5376739999999999853  
0.05737300000000000039  -0.8561860000000000026  0.5368500000000000494  
0.05886799999999999672  -0.8691250000000000364  0.5348969999999999558  
0.05581699999999999856  -0.8869629999999999459  0.5231019999999999559  
0.05245999999999999969  -0.8988340000000000218  0.5152280000000000193  
0.04910300000000000081  -0.881897000000000042  0.5005190000000000472  
0.06549099999999999366  -0.8750609999999999777  0.5056920000000000304  
0.06292699999999999683  -0.8780059999999999532  0.4909970000000000168  
0.05630500000000000088  -0.8789219999999999811  0.4762419999999999987  
0.03883400000000000046  -0.8847660000000000524  0.4720309999999999784  
0.0269010000000000013  -0.9005429999999999824  0.4581450000000000244  
0.01216099999999999993  -0.8984529999999999461  0.4501040000000000041  
-0.003052000000000000025  -0.9092710000000000514  0.4420009999999999772  
-0.008269999999999999574  -0.9300990000000000091  0.4487459999999999782  
-0.01437399999999999962  -0.9419560000000000155  0.4281309999999999838  
-0.00950600000000000056  -0.9548649999999999638  0.4027859999999999774  
-0.02947999999999999926  -0.9794770000000000421  0.3574829999999999952  
-0.0561369999999999994  -0.9861910000000000398  0.3170009999999999772  
-0.07139600000000000113  -0.9909970000000000168  0.2962339999999999973  
-0.06160000000000000198  -1.00096099999999999  0.2651060000000000083  
-0.05088800000000000268  -1.002914000000000083  0.2183990000000000098  
-0.07092299999999999993  -1.02656600000000009  0.1750639999999999974  
-0.08320600000000000218  -1.049255000000000049  0.1357420000000000015  
-0.09590100000000000013  -1.056014999999999926  0.08669999999999999929  
-0.1151579999999999965  -1.04385400000000006  0.03071600000000000025  
-0.1295779999999999987  -1.050597999999999921  -0.03398099999999999732  
-0.1146390000000000048  -1.04657  -0.1109009999999999996  
-0.1131289999999999935  -1.026534999999999975  -0.1870420000000000138  
-0.1068120000000000042  -1.015563999999999911  -0.236740000000000006  
-0.06434600000000000042  -0.9767909999999999648  -0.3874360000000000026  
-0.07174700000000000522  -0.9070589999999999486  -0.4597470000000000168  
-0.05070500000000000007  -0.8564760000000000151  -0.4779050000000000242  
-0.008101999999999999827  -0.7434079999999999577  -0.5141909999999999537  
0.04424999999999999767  -0.6710819999999999563  -0.5708919999999999551  
0.1134489999999999943  -0.6833040000000000225  -0.6704099999999999504  
0.06336999999999999578  -0.6352689999999999726  -0.6750639999999999974  
0.04179399999999999782  -0.5406039999999999734  -0.723160000000000025  
0.05058300000000000296  -0.4740139999999999909  -0.7532200000000000006  
0.03840600000000000264  -0.4231869999999999798  -0.790482000000000018  
0.02481099999999999972  -0.3713839999999999919  -0.8023529999999999829  
0.0009460000000000000093  -0.2926329999999999765  -0.8534389999999999477  
-0.0667110000000000064  -0.2613070000000000115  -0.8876950000000000118  
-0.09632899999999999796  -0.2202909999999999868  -0.9203639999999999599  
-0.1311340000000000006  -0.2091220000000000023  -0.9287260000000000515  
-0.1765589999999999937  -0.189849999999999991  -0.9675289999999999724  
-0.2322849999999999915  -0.1585850000000000037  -1.008437999999999946  
-0.2754210000000000269  -0.1264339999999999908  -1.038391000000000064  
-0.305893000000000026  -0.1053769999999999984  -1.032013000000000069  
-0.3271479999999999944  -0.0823360000000000064  -1.052840999999999916  
-0.3348240000000000105  -0.07038899999999999324  -1.033431999999999906  
-0.3244779999999999887  -0.06353799999999999726  -1.019562000000000079  
-0.3118130000000000068  -0.04478499999999999842  -0.9939580000000000082  
-0.2950289999999999857  -0.0488890000000000019  -0.9868470000000000297  
-0.2916259999999999963  -0.04898099999999999676  -0.9545590000000000463  
-0.2907710000000000017  -0.04698200000000000293  -0.9516139999999999599  
-0.2899479999999999835  -0.04603600000000000053  -0.9447630000000000194  
-0.2781219999999999803  -0.04510499999999999926  -0.9465179999999999705  
-0.2837830000000000075  -0.04502899999999999958  -0.9612579999999999458  
-0.2861940000000000039  -0.05195600000000000218  -0.9779050000000000242  
-0.2808530000000000193  -0.05990600000000000092  -0.9846799999999999997  
-0.2751770000000000049  -0.05500800000000000134  -0.9806669999999999554  
-0.2661589999999999789  -0.05503799999999999665  -0.9902950000000000363  
-0.2670589999999999908  -0.05902099999999999708  -0.9854279999999999706  
-0.2631990000000000163  -0.0610500000000000001  -0.9765779999999999461  
-0.2470090000000000063  -0.07908600000000000352  -0.9597320000000000295  
-0.2268070000000000086  -0.09124799999999999578  -0.9017789999999999973  
-0.201111000000000012  -0.1044009999999999938  -0.8750149999999999872  
-0.1932979999999999976  -0.1204380000000000034  -0.834853999999999985  
-0.1628570000000000018  -0.1127780000000000032  -0.7864689999999999737  
-0.1114350000000000063  -0.09138499999999999401  -0.7279970000000000052  
-0.01629600000000000146  -0.07322700000000000042  -0.6824799999999999756  
0.1111599999999999949  -0.0980069999999999969  -0.6433259999999999534  
0.2362059999999999993  -0.08799700000000000577  -0.5992889999999999606  
0.3446810000000000151  -0.06002799999999999803  -0.5476680000000000437  
0.4567109999999999781  -0.1075289999999999996  -0.5351869999999999683  
0.5468899999999999872  -0.1389009999999999967  -0.5503689999999999971  
0.6082459999999999534  -0.1113279999999999964  -0.627487000000000017  
0.6463619999999999921  -0.07980299999999999894  -0.6209869999999999557  
0.7119900000000000118  -0.1735690000000000011  -0.6728060000000000151  
0.705612000000000017  -0.1795499999999999874  -0.6328580000000000316  
0.6724849999999999994  -0.09400899999999999535  -0.5590209999999999901  
0.6794130000000000447  -0.03161599999999999827  -0.4689789999999999792  
0.743682999999999983  -0.01142899999999999992  -0.3516540000000000221  
0.8388060000000000516  -0.07578999999999999626  -0.2915949999999999931  
0.9746399999999999508  -0.1780849999999999933  -0.278793000000000013  
1.083877999999999897  -0.2046969999999999901  -0.2653349999999999875  
1.175078999999999985  -0.1566770000000000107  -0.2296140000000000125  
1.259109000000000034  -0.1206359999999999932  -0.1500549999999999939  
1.341598999999999986  -0.06178299999999999764  -0.03143300000000000261  
1.404724000000000084  -0.02464300000000000171  0.05654900000000000204  
1.36189300000000002  -0.0362550000000000025  0.05192599999999999993  
1.298111000000000015  -0.0477599999999999969  0.06066900000000000071  
1.23815900000000001  -0.06330900000000000416  0.08506800000000000472  
1.189956999999999931  -0.07495100000000000373  0.1047970000000000013  
1.148406999999999956  -0.08065799999999999359  0.1265870000000000051  
1.121154999999999902  -0.0805509999999999976  0.1642460000000000031  
1.08659400000000006  -0.07145700000000000662  0.2047420000000000073  
1.061965999999999966  -0.02960199999999999984  0.2249150000000000038  
1.073226999999999931  -0.03860500000000000043  0.2211609999999999965  
1.080429000000000084  -0.07044999999999999873  0.2173460000000000114  
1.072418000000000093  -0.06640600000000000669  0.2162169999999999925  
1.088364000000000109  -0.04365499999999999936  0.2116389999999999938  
1.138671999999999906  -0.04898099999999999676  0.2222139999999999949  
1.167648000000000019  -0.05313099999999999767  0.2089999999999999913  
1.187119000000000035  -0.0551610000000000017  0.1692500000000000115  
1.212890999999999941  -0.05821199999999999986  0.1100619999999999932  
1.214553999999999911  -0.03520199999999999718  0.01733399999999999871  
1.204971000000000014  -0.05583199999999999968  -0.06977800000000000669  
1.212784000000000084  -0.1073299999999999949  -0.181075999999999987  
1.22691299999999992  -0.1101530000000000009  -0.3117679999999999896  
1.23251299999999997  -0.1110079999999999956  -0.4074099999999999944  
1.253417999999999921  -0.1348419999999999896  -0.4813390000000000168  
1.267196999999999907  -0.1368260000000000032  -0.5338749999999999885  
1.26713600000000004  -0.1178740000000000065  -0.5738980000000000192  
1.255478000000000094  -0.08393899999999999972  -0.6033629999999999827  
1.201904000000000083  -0.03782699999999999951  -0.6305239999999999734  
1.164322000000000079  -0.007751000000000000077  -0.6340329999999999577  
1.097304999999999975  -0.1464689999999999881  -0.6108700000000000241  
0.7644199999999999884  -0.2529600000000000182  -0.9123689999999999856  
0.6133880000000000443  -0.2675779999999999825  -1.042801000000000089  
0.5369720000000000049  -0.1617580000000000129  -1.019470000000000098  
0.5792239999999999611  -0.1045070000000000027  -0.9679259999999999531  
0.5743260000000000032  -0.1452789999999999915  -0.9358220000000000427  
0.546630999999999978  -0.2086639999999999884  -0.9607539999999999969  
0.4740449999999999942  -0.1496889999999999887  -0.8827359999999999651  
0.3653259999999999841  -0.1264949999999999963  -0.68518100000000004  
0.0714420000000000055  -0.06640600000000000669  -0.4065250000000000252  
-0.2827910000000000146  -0.1169430000000000053  -0.269699000000000022  
-0.4653930000000000011  -0.3450619999999999798  -0.3794250000000000123  
-0.5838320000000000176  -0.3235020000000000118  -0.8306729999999999947  
-0.591751000000000027  -0.3303220000000000045  -0.870850000000000013  
-0.5920870000000000299  -0.3354800000000000004  -0.7819669999999999677  
-0.5811610000000000387  -0.3070370000000000044  -0.6166690000000000227  
-0.5678860000000000019  -0.299437999999999982  -0.4855499999999999816  
-0.5792540000000000466  -0.3183900000000000063  -0.4124760000000000093  
-0.5793610000000000149  -0.3442379999999999884  -0.4056850000000000178  
-0.5905759999999999899  -0.3402100000000000124  -0.3921660000000000146  
-0.5751190000000000468  -0.3473510000000000209  -0.3567660000000000275  
-0.5835569999999999924  -0.355347000000000024  -0.306107000000000018  
-0.5664829999999999588  -0.3516540000000000221  -0.216933999999999988  
-0.5582279999999999465  -0.3297120000000000051  -0.288100999999999996  
-0.5125429999999999708  -0.3625950000000000006  -0.4085239999999999982  
-0.4864809999999999968  -0.4720610000000000084  -0.4170380000000000198  
-0.542464999999999975  -0.5491639999999999855  -0.4297489999999999921  
-0.5995179999999999954  -0.5924530000000000074  -0.455154000000000003  
-0.6193079999999999696  -0.6777039999999999731  -0.4907529999999999948  
-0.6474760000000000515  -0.7221680000000000321  -0.531325999999999965  
-0.6528169999999999806  -0.7331389999999999851  -0.4806210000000000204  
-0.6297760000000000025  -0.7424770000000000536  -0.3640140000000000042  
-0.5742030000000000189  -0.7112119999999999553  -0.2819820000000000104  
-0.5142670000000000297  -0.658981000000000039  -0.2731629999999999892  
-0.4454350000000000254  -0.6080020000000000424  -0.1439970000000000139  
-0.5120540000000000092  -0.7105099999999999749  -0.3444980000000000264  
-0.5483860000000000401  -0.7820129999999999582  -0.2474820000000000075  
-0.5219120000000000426  -0.8368839999999999613  -0.2314910000000000023  
-0.4614559999999999773  -0.8769529999999999825  -0.2745360000000000023  
-0.4730530000000000013  -0.9206699999999999884  -0.247405999999999987  
-0.4833830000000000071  -0.9018859999999999655  -0.1469419999999999893  
-0.4702910000000000146  -0.8902130000000000321  -0.07247900000000000176  
-0.4480589999999999851  -0.8874049999999999994  -0.05158999999999999697  
-0.4236150000000000193  -0.9005739999999999856  -0.01020800000000000006  
-0.4168239999999999723  -0.9036410000000000275  0.003570999999999999956  
-0.4068149999999999822  -0.8729550000000000365  0.04089399999999999979  
-0.3693699999999999761  -0.8088070000000000537  0.12948599999999999  
-0.3289949999999999819  -0.7565159999999999663  0.1878509999999999902  
-0.3320770000000000111  -0.7545009999999999772  0.1917109999999999925  
-0.3494260000000000144  -0.8011470000000000535  0.2157900000000000096  
-0.4224700000000000122  -0.810745000000000049  0.3005519999999999858  
-0.4482119999999999993  -0.8195799999999999752  0.3274839999999999973  
-0.4715420000000000167  -0.8135219999999999674  0.3534999999999999809  
-0.4714809999999999834  -0.7609409999999999785  0.4053189999999999849  
-0.4649510000000000032  -0.7273249999999999993  0.4680179999999999896  
-0.4553989999999999982  -0.7265319999999999556  0.5414280000000000204  
-0.4515989999999999727  -0.7127229999999999954  0.5776670000000000416  
-0.4504699999999999815  -0.6679990000000000094  0.5845789999999999598  
-0.4355319999999999747  -0.6622310000000000141  0.6199949999999999628  
-0.3999789999999999734  -0.6605830000000000313  0.6713710000000000511  
-0.3851169999999999871  -0.6189879999999999827  0.6882779999999999454  
-0.419387999999999983  -0.6456760000000000277  0.7355500000000000371  
-0.4176179999999999892  -0.6616819999999999924  0.7853700000000000125  
-0.4190059999999999896  -0.6864320000000000421  0.7481989999999999474  
-0.3988189999999999791  -0.7024989999999999846  0.7572940000000000227  
-0.3468930000000000069  -0.7088780000000000081  0.7903590000000000337  
-0.3122249999999999748  -0.6912380000000000191  0.798781999999999992  
-0.294951999999999992  -0.6545720000000000427  0.8020019999999999927  
-0.3086550000000000127  -0.6276549999999999629  0.7930449999999999999  
-0.3233179999999999943  -0.6165469999999999562  0.7605739999999999723  
-0.3216550000000000242  -0.6374360000000000026  0.7683870000000000422  
-0.310012999999999983  -0.6702580000000000204  0.736298000000000008  
-0.3069919999999999871  -0.7426760000000000028  0.6649319999999999675  
-0.3612060000000000271  -0.7820129999999999582  0.6366579999999999462  
-0.4056699999999999751  -0.8511349999999999749  0.566497999999999946  
-0.4182130000000000014  -0.8966060000000000141  0.4793089999999999851  
-0.4206849999999999756  -0.9113769999999999927  0.4255070000000000241  
-0.4070590000000000042  -0.9163670000000000426  0.3886109999999999842  
-0.3838809999999999722  -0.9084780000000000078  0.3411100000000000243  
-0.3355710000000000082  -0.9315339999999999732  0.276428000000000007  
-0.283492999999999995  -0.9566500000000000004  0.2264249999999999874  
-0.2446440000000000003  -1.000534000000000034  0.1859740000000000004  
-0.2291719999999999868  -1.025420999999999916  0.1441800000000000026  
-0.2591709999999999847  -1.012191999999999981  0.08021499999999999464  
-0.2634889999999999732  -0.9949949999999999628  -0.05363500000000000212  
-0.2695159999999999778  -0.9320680000000000076  -0.1904299999999999882  
-0.2433319999999999927  -0.8534549999999999637  -0.3452299999999999813  
-0.1935419999999999918  -0.8247679999999999456  -0.4391169999999999796  
-0.2024690000000000101  -0.7849270000000000413  -0.4695280000000000009  
-0.2018590000000000106  -0.7084350000000000369  -0.4459690000000000043  
-0.1744999999999999885  -0.6102750000000000119  -0.4219359999999999777  
-0.1130680000000000018  -0.506317000000000017  -0.4442599999999999882  
-0.04095499999999999835  -0.4221650000000000125  -0.527008000000000032  
-0.015625  -0.361495999999999984  -0.6476589999999999847  
-0.05673199999999999771  -0.3870239999999999791  -0.6659239999999999604  
0.07252500000000000613  -0.4685969999999999858  -1.073272999999999922  
-0.1069950000000000068  -0.3692630000000000079  -0.9412380000000000191  
-0.2232210000000000027  -0.2919160000000000088  -0.9498440000000000216  
-0.3184969999999999746  -0.2334589999999999999  -1.045090000000000074  
-0.3315890000000000226  -0.1459050000000000069  -1.053009000000000084  
-0.3146820000000000173  -0.1718439999999999968  -1.060592999999999897  
-0.3267360000000000264  -0.09338399999999999479  -0.9922940000000000094  
-0.3997499999999999942  -0.03334000000000000158  -0.9513850000000000362  
-0.4755400000000000182  -0.0326999999999999999  -1.018065999999999915  
-0.5145870000000000166  0.06494099999999999873  -1.031265000000000098  
-0.5909269999999999801  0.1003269999999999995  -1.086181999999999981  
-0.6394649999999999501  0.1068729999999999958  -1.204177999999999971  
-0.6838379999999999459  0.1629490000000000105  -1.273209000000000035  
-0.7331389999999999851  0.2286829999999999974  -1.187958000000000069  
-0.7753139999999999477  0.3450010000000000021  -1.057587000000000055  
-0.7159419999999999673  0.3360750000000000126  -0.7577059999999999906  
-0.6721650000000000125  0.2998959999999999959  -0.6984409999999999785  
-0.6859279999999999822  0.2659299999999999997  -0.5638889999999999736  
-0.7589110000000000023  0.3267360000000000264  -0.4096830000000000194  
-0.8693079999999999696  0.372954999999999981  -0.281463999999999992  
-0.8987730000000000441  0.3987729999999999886  -0.1715240000000000098  
-0.8482669999999999932  0.4219510000000000205  -0.003647000000000000068  
-0.8040159999999999529  0.4511569999999999747  0.1690369999999999928  
-0.748245000000000049  0.435501000000000027  0.3477020000000000111  
-0.75  0.4222259999999999902  0.5401150000000000118  
-0.7909699999999999509  0.4112399999999999944  0.7152709999999999901  
-0.8554990000000000094  0.3427430000000000199  0.8987730000000000441  
-0.855300999999999978  0.3059390000000000165  0.9124149999999999761  
-0.9022219999999999684  0.2944339999999999735  0.8559569999999999679  
-0.8919070000000000054  0.2397610000000000019  0.8365169999999999551  
-0.8452450000000000241  0.1897890000000000132  0.814742999999999995  
-0.7860869999999999802  0.1298519999999999952  0.7755739999999999856  
-0.803192000000000017  0.09732100000000000473  0.6951450000000000129  
-0.7718199999999999505  0.07134999999999999676  0.6477199999999999624  
-0.7164460000000000273  0.02110300000000000023  0.7530980000000000452  
-0.6681209999999999649  0.01367200000000000013  0.8261570000000000302  
-0.6648249999999999993  0.01556399999999999971  0.8613889999999999603  
-0.676436999999999955  0.02963299999999999962  0.8162690000000000223  
-0.698958999999999997  0.0497739999999999988  0.7602689999999999726  
-0.7397160000000000402  0.07009899999999999465  0.6765900000000000247  
-0.6876219999999999555  0.02415499999999999939  0.6148529999999999829  
-0.6297610000000000152  -0.02116399999999999879  0.7358700000000000241  
-0.6172640000000000349  -0.05822800000000000198  0.839583999999999997  
-0.5957029999999999825  -0.07524100000000000232  0.8262479999999999825  
-0.5825200000000000378  -0.08815000000000000613  0.7766269999999999563  
-0.5954439999999999733  -0.0959470000000000045  0.7421879999999999589  
-0.618102999999999958  -0.1266019999999999923  0.7535100000000000131  
-0.6299289999999999612  -0.1076970000000000011  0.7689820000000000544  
-0.5988160000000000149  -0.07289099999999999746  0.6552280000000000326  
-0.6010440000000000227  -0.05070500000000000007  0.5037989999999999968  
-0.620422000000000029  -0.03845200000000000007  0.397033999999999998  
-0.6409909999999999775  -0.0369569999999999968  0.2110899999999999999  
-0.6275479999999999947  -0.0658109999999999945  0.1790309999999999957  
-0.6225739999999999608  -0.06773400000000000254  0.1243900000000000006  
-0.6472170000000000423  -0.07429499999999999993  0.02142300000000000107  
-0.6470639999999999725  -0.09092699999999999394  -0.125106999999999996  
-0.5947719999999999674  -0.1317290000000000127  -0.2688749999999999751  
-0.4969640000000000168  -0.1351469999999999894  -0.3894349999999999756  
-0.3651119999999999921  -0.09426900000000000557  -0.4107060000000000155  
-0.2619480000000000142  -0.03820799999999999891  -0.4587709999999999844  
-0.171997000000000011  -0.01670800000000000063  -0.5813450000000000006  
-0.1158290000000000014  -0.03860500000000000043  -0.7631529999999999703  
-0.06584199999999999775  -0.05462600000000000094  -0.8844760000000000399  
0.02308699999999999988  -0.0651700000000000057  -0.8742680000000000451  
0.1593019999999999992  -0.08714299999999999824  -0.7753910000000000524  
0.2329249999999999932  -0.07194499999999999507  -0.6764980000000000437  
0.2919160000000000088  -0.1141820000000000057  -0.6267399999999999638  
0.3821559999999999957  -0.136565999999999993  -0.6663510000000000266  
0.4706420000000000048  -0.1209869999999999973  -0.8055879999999999708  
0.5165100000000000247  -0.1379849999999999965  -0.9142609999999999904  
0.6312870000000000426  -0.1367339999999999944  -0.9417269999999999808  
0.7688599999999999879  -0.1188509999999999983  -0.8964839999999999476  
0.861129999999999951  -0.1146550000000000069  -0.825637999999999983  
0.8963320000000000176  -0.1051639999999999936  -0.7127229999999999954  
0.8730160000000000142  -0.1161800000000000055  -0.591002999999999945  
0.8853910000000000391  -0.08560199999999999754  -0.5184630000000000072  
0.8858179999999999943  -0.1186070000000000041  -0.4080960000000000143  
0.8892520000000000424  -0.1427460000000000118  -0.2654569999999999985  
0.9747770000000000046  -0.163330000000000003  -0.2044980000000000131  
1.119385000000000074  -0.1356350000000000056  -0.1318209999999999937  
1.23074299999999992  -0.1274869999999999892  -0.08897399999999999753  
1.33226  -0.1193390000000000006  -0.04824799999999999922  
1.376236000000000015  -0.09893799999999999817  0.04525799999999999962  
1.41139199999999998  -0.09335300000000000542  0.1112820000000000059  
1.439788999999999985  -0.09457400000000000528  0.1244510000000000061  
1.394470000000000098  -0.0962370000000000031  0.1276090000000000002  
1.303589000000000109  -0.09464999999999999802  0.1339569999999999927  
1.182144000000000084  -0.101836999999999997  0.1622770000000000046  
1.086365000000000025  -0.1122889999999999999  0.2535250000000000004  
1.03508  -0.1280360000000000109  0.3493800000000000239  
0.8408050000000000246  -0.1506959999999999966  0.4048309999999999964  
0.7693790000000000351  -0.0964659999999999962  0.3656460000000000266  
0.7886509999999999909  -0.02313199999999999978  0.399260999999999977  
0.9013210000000000388  0.007842999999999999278  0.4284669999999999868  
0.9448550000000000004  0.03016699999999999937  0.5454560000000000519  
0.8670649999999999746  0.07916299999999999726  0.6614839999999999609  
0.8148649999999999505  0.05445900000000000046  0.7729639999999999844  
0.8160399999999999876  -0.01016199999999999916  0.7924350000000000005  
0.8328250000000000375  -0.01126100000000000018  0.7936710000000000154  
0.7805330000000000323  -0.01290900000000000034  0.8006590000000000096  
0.7585450000000000248  -0.00582899999999999998  0.801285000000000025  
0.7830960000000000143  0.0148319999999999997  0.8192749999999999755  
0.7791289999999999605  0.01695299999999999932  0.756728999999999985  
0.7487179999999999946  0.01419100000000000049  0.7542569999999999553  
0.7598420000000000174  -0.01176499999999999942  0.7964170000000000416  
0.8060000000000000497  -0.04493699999999999778  0.8234860000000000513  
0.8513340000000000352  -0.0661009999999999931  0.8153989999999999849  
0.8831630000000000313  -0.07624799999999999633  0.8217769999999999797  
0.925872999999999946  -0.08448799999999999366  0.8214569999999999927  
0.950393999999999961  -0.08056599999999999873  0.7612919999999999687  
0.9829250000000000487  -0.06370499999999999774  0.665146000000000015  
1.042572000000000054  -0.03909300000000000275  0.5791779999999999706  
1.058257999999999921  -0.03099100000000000119  0.4475709999999999966  
1.126678000000000068  -0.09285000000000000198  0.3323670000000000235  
1.154465000000000074  0.006424000000000000023  0.2704010000000000025  
1.20599400000000001  0.08551000000000000267  0.3074799999999999756  
1.346190999999999915  0.09843399999999999372  0.3234409999999999785  
1.373809999999999976  0.07453899999999999415  0.2613219999999999987  
1.363815  0.07415800000000000169  -0.02308699999999999988  
1.425095000000000001  -0.01182599999999999971  0.04713400000000000228  
1.309310999999999892  -0.02471900000000000139  -0.07195999999999999619  
1.228637999999999897  -0.004120000000000000398  -0.1875149999999999872  
1.170319000000000109  0.01046799999999999987  -0.3291319999999999801  
1.060607999999999995  0.01751700000000000132  -0.5037989999999999968  
0.9629969999999999919  0.07894900000000000528  -0.5854030000000000067  
0.8776399999999999757  0.0687099999999999933  -0.6444239999999999968  
0.8583979999999999944  -0.04463199999999999806  -0.5305630000000000068  
0.754577999999999971  -0.2292629999999999946  -0.7923280000000000323  
0.6078339999999999854  -0.07411199999999999732  -0.8638759999999999772  
0.540146000000000015  -0.002746999999999999876  -1.046585000000000099  
0.4721679999999999766  -0.01989700000000000149  -1.185424999999999951  
0.4376369999999999982  -0.03451499999999999707  -1.208480999999999916  
0.4026179999999999759  -0.03146399999999999891  -1.12600699999999998  
0.3556520000000000237  -0.02534499999999999947  -1.044693000000000094  
0.3068080000000000251  -0.07376099999999999324  -1.020142000000000104  
0.2393800000000000094  -0.1081700000000000023  -0.9763490000000000224  
0.1502690000000000137  -0.1125950000000000006  -0.9426120000000000054  
0.0424350000000000005  -0.1069340000000000013  -0.9336090000000000222  
-0.0756379999999999969  -0.09512299999999999922  -0.9716489999999999849  
-0.2116240000000000065  -0.07034300000000000275  -0.9738010000000000277  
-0.339478000000000002  -0.08665499999999999592  -0.8371579999999999577  
-0.4244689999999999852  -0.1301269999999999927  -0.6666560000000000263  
-0.5487060000000000271  -0.1039120000000000044  -0.4331969999999999987  
-0.6501310000000000144  -0.1242830000000000046  -0.3352359999999999784  
-0.7285920000000000174  -0.1238100000000000034  -0.3013310000000000155  
-0.7702639999999999487  -0.08873000000000000331  -0.3078159999999999785  
-0.7733919999999999684  -0.1096950000000000008  -0.2492679999999999896  
-0.7474979999999999958  -0.1587679999999999925  -0.1531980000000000008  
-0.7709810000000000274  -0.1855320000000000025  -0.1027980000000000005  
-0.7880099999999999882  -0.1527249999999999996  -0.04440299999999999803  
-0.7295840000000000103  -0.2178799999999999903  0.03065500000000000169  
-0.6299740000000000339  -0.187393000000000004  0.3673859999999999904  
-0.5814209999999999656  -0.1471099999999999908  0.4375760000000000205  
-0.5726780000000000204  -0.05891400000000000109  0.5355069999999999553  
-0.6114349999999999508  -0.03198199999999999654  0.6101379999999999582  
-0.6755520000000000413  0.001281999999999999936  0.5944819999999999549  
-0.7128910000000000524  -0.0571139999999999981  0.6035920000000000174  
-0.7277829999999999577  0.002517999999999999839  0.6493379999999999708  
-0.6425629999999999953  0.01570099999999999968  0.7093509999999999538  
-0.5502010000000000511  -0.006882000000000000096  0.7792050000000000365  
-0.4384159999999999724  -0.0108030000000000001  0.8825680000000000192  
-0.385772999999999977  -0.05404699999999999782  0.9586029999999999829  
-0.3543399999999999883  -0.07023600000000000676  1.001082999999999945  
-0.3536830000000000251  -0.03845200000000000007  1.00700400000000001  
-0.3779140000000000277  0.005432000000000000196  0.999832000000000054  
-0.4021150000000000002  0.03933699999999999697  1.01315299999999997  
-0.3944849999999999746  0.04325899999999999884  1.018157999999999896  
-0.3660889999999999977  0.04304499999999999993  1.031325999999999965  
-0.3353579999999999894  0.03686500000000000193  1.034744000000000108  
-0.2968600000000000128  0.0157620000000000017  1.021667000000000103  
-0.2747649999999999815  -0.009154999999999999943  0.9956049999999999622  
-0.271911999999999987  -0.009185999999999999721  1.001525999999999916  
-0.3036349999999999882  0.002959999999999999958  0.9844209999999999905  
-0.3643040000000000167  0.03514099999999999863  1.001068000000000069  
-0.392623999999999973  0.05221599999999999853  1.004547000000000079  
-0.4130860000000000087  0.07022100000000000564  1.007171999999999956  
-0.4833219999999999739  0.1152650000000000063  1.094009000000000009  
-0.4716339999999999977  0.1180270000000000069  1.155731000000000064  
-0.4457860000000000156  0.1079100000000000059  1.165909000000000084  
-0.4391329999999999956  0.07113600000000000478  1.14742999999999995  
-0.4618530000000000135  0.07638499999999999457  1.079666000000000015  
-0.5055239999999999734  0.1116940000000000016  0.9588320000000000176  
-0.5198209999999999775  0.07949799999999999922  0.7094570000000000043  
-0.5315250000000000252  0.02036999999999999922  0.4864499999999999935  
-0.5676729999999999832  -0.00227399999999999998  0.5180970000000000297  
-0.6099849999999999994  0.008621000000000000191  0.6649169999999999803  
-0.649765000000000037  -0.008972000000000000808  0.6671909999999999785  
-0.6497500000000000497  -0.03857399999999999718  0.5577389999999999848  
-0.6242069999999999563  -0.283584999999999976  0.2452550000000000008  
-0.6367800000000000127  -0.3102110000000000145  0.1756290000000000073  
-0.6665039999999999853  -0.3695680000000000076  0.1448059999999999903  
-0.6176760000000000028  -0.4682009999999999783  0.1054080000000000017  
-0.575393999999999961  -0.5080869999999999553  0.0269010000000000013  
-0.6059419999999999806  -0.5296170000000000044  -0.04295299999999999813  
-0.5856479999999999464  -0.5863490000000000091  -0.06318699999999999317  
-0.5565949999999999509  -0.5457920000000000549  -0.06657399999999999429  
-0.5521549999999999514  -0.4563900000000000179  -0.06738299999999999845  
-0.5609129999999999949  -0.433472000000000024  -0.06649800000000000155  
-0.5540310000000000512  -0.5040440000000000476  -0.08015400000000000302  
-0.5495299999999999629  -0.5865329999999999711  -0.1007229999999999931  
-0.5651249999999999885  -0.6965179999999999705  -0.209549000000000013  
-0.5041050000000000253  -0.8519740000000000091  -0.1999660000000000049  
-0.4747919999999999918  -0.9683990000000000098  -0.2113649999999999973  
-0.4430689999999999906  -0.9845730000000000315  -0.1844790000000000041  
-0.430435000000000012  -0.9648440000000000349  -0.1598509999999999931  
-0.4266820000000000057  -0.9420469999999999677  -0.1431429999999999925  
-0.4108729999999999882  -0.9085539999999999727  -0.04614300000000000346  
-0.3875120000000000231  -0.8811339999999999728  0.0841670000000000057  
-0.3285370000000000235  -0.8985140000000000349  0.1349329999999999974  
-0.3205109999999999904  -0.9672089999999999854  0.1662289999999999879  
-0.3539579999999999949  -1.014755000000000074  0.2115480000000000138  
-0.3295440000000000036  -1.042785999999999991  0.2314299999999999968  
-0.2401580000000000104  -1.008742999999999945  0.2895809999999999773  
-0.2092440000000000133  -1.006011999999999906  0.3203739999999999921  
-0.1825559999999999961  -1.04501299999999997  0.3471069999999999989  
-0.1710969999999999991  -1.048125999999999891  0.3775939999999999852  
-0.1724400000000000099  -1.040175999999999989  0.3804930000000000256  
-0.1672970000000000013  -0.9886019999999999808  0.4246059999999999834  
-0.1500849999999999962  -0.9222719999999999807  0.4806670000000000109  
-0.1163639999999999952  -0.8937380000000000324  0.5193330000000000446  
-0.05979899999999999799  -0.9110409999999999897  0.537827000000000055  
-0.07012899999999999689  -0.9090420000000000167  0.5610810000000000519  
-0.113876000000000005  -0.8819430000000000325  0.5799560000000000271  
-0.1160280000000000061  -0.8671109999999999651  0.616103999999999985  
-0.05531300000000000106  -0.8834079999999999711  0.618010999999999977  
0.06683300000000000352  -0.8931270000000000042  0.5848079999999999945  
0.09600799999999999612  -0.9230960000000000276  0.5608370000000000299  
0.1004179999999999934  -0.9230500000000000371  0.5325779999999999959  
0.07745399999999999507  -0.9098509999999999653  0.4618840000000000168  
0.04052700000000000052  -0.8985440000000000094  0.4026790000000000092  
0.02200300000000000172  -0.8984069999999999556  0.392623999999999973  
0.002883999999999999845  -0.8763579999999999703  0.3659669999999999868  
0.05306999999999999912  -0.8786929999999999463  0.3736110000000000264  
0.1205289999999999973  -0.8841090000000000337  0.3619689999999999852  
0.1583249999999999935  -0.9280089999999999728  0.3254090000000000038  
0.2023159999999999958  -0.9947810000000000263  0.2664639999999999787  
0.187286000000000008  -0.9566500000000000004  0.1353610000000000091  
0.2048339999999999883  -0.93084699999999998  0.08779900000000000204  
0.2290040000000000131  -0.921966999999999981  0.03741499999999999687  
0.2402499999999999913  -0.8871769999999999934  -0.008255000000000000185  
0.2657780000000000142  -0.8752750000000000252  -0.08694499999999999451  
0.2546229999999999882  -0.8353120000000000545  -0.1603390000000000093  
0.2441560000000000119  -0.7794189999999999729  -0.2522739999999999982  
0.3126680000000000015  -0.7478789999999999605  -0.3527370000000000227  
0.4310760000000000147  -0.7285770000000000302  -0.4621580000000000132  
0.5171510000000000273  -0.6843409999999999771  -0.5232240000000000224  
0.5816350000000000131  -0.6249540000000000095  -0.6237030000000000074  
0.6212619999999999809  -0.5396729999999999583  -0.6542210000000000525  
0.6761019999999999808  -0.3760830000000000006  -0.6560519999999999685  
0.8542939999999999978  -0.3265230000000000077  -0.6960910000000000153  
0.8468630000000000324  -0.2768550000000000177  -0.660980000000000012  
0.8279419999999999558  -0.2210850000000000037  -0.6592710000000000514  
0.8282319999999999682  -0.1486359999999999904  -0.6083830000000000071  
0.8368229999999999835  -0.08519000000000000183  -0.5622409999999999908  
0.8597409999999999775  0.0010529999999999999  -0.538314999999999988  
0.8822170000000000289  0.06364400000000000612  -0.6111450000000000493  
0.8825229999999999464  0.01211500000000000077  -0.6883700000000000374  
0.8815159999999999663  -0.02069100000000000106  -0.669876000000000027  
0.8810879999999999823  0.02505500000000000088  -0.6903230000000000199  
0.9067690000000000472  0.09063699999999999535  -0.7855529999999999458  
0.9380950000000000122  0.134216000000000002  -0.8123629999999999463  
0.9498440000000000216  0.2046509999999999996  -0.7935179999999999456  
0.8803410000000000402  0.2637479999999999825  -0.7828370000000000051  
0.808502000000000054  0.3249049999999999994  -0.8132169999999999677  
0.7481379999999999697  0.3652190000000000158  -0.8913419999999999677  
0.7177280000000000326  0.4212190000000000101  -0.9708710000000000395  
0.6727910000000000279  0.3918610000000000149  -1.042937999999999921  
0.6386110000000000397  0.3662719999999999865  -1.064055999999999891  
0.6194309999999999539  0.3843230000000000257  -1.078017999999999921  
0.6122889999999999722  0.3993229999999999835  -1.097655999999999965  
0.5919039999999999857  0.4093629999999999769  -1.081360000000000099  
0.5231479999999999464  0.4565429999999999766  -1.087280000000000024  
0.4201509999999999967  0.4553070000000000173  -1.114349000000000034  
0.1656650000000000067  0.4362789999999999724  -1.18003799999999992  
0.03855900000000000299  0.4709780000000000078  -1.204498000000000069  
0.04988100000000000173  0.5413820000000000299  -1.160263000000000044  
0.1564329999999999887  0.591338999999999948  -1.161423000000000094  
0.2111820000000000086  0.6077580000000000204  -1.113617000000000079  
0.1455839999999999912  0.6428530000000000078  -1.045272999999999897  
-0.03363000000000000017  0.6478420000000000289  -0.9495090000000000474  
-0.2468869999999999953  0.6240839999999999721  -0.7595520000000000049  
-0.4235380000000000256  0.5028230000000000199  -0.64727800000000002  
-0.5478969999999999674  0.3415219999999999922  -0.5635219999999999674  
-0.6938020000000000298  0.299362000000000017  -0.3500519999999999743  
-0.8089899999999999869  0.2064209999999999934  -0.2045140000000000013  
-0.8304289999999999727  0.2073820000000000108  -0.1042479999999999934  
-0.8236240000000000228  0.2718510000000000093  -0.07083100000000000507  
-0.832122999999999946  0.3245390000000000219  -0.03865099999999999786  
-0.8208159999999999901  0.3185120000000000173  -0.05117800000000000127  
-0.7520900000000000363  0.2961730000000000196  -0.04229700000000000126  
-0.7006839999999999735  0.2718809999999999838  0.005370999999999999906  
-0.7301480000000000192  0.2411500000000000032  0.06935099999999999598  
-0.7987060000000000271  0.2177280000000000049  0.09556599999999999817  
-0.8489229999999999832  0.1087189999999999962  0.1073149999999999937  
-0.8584289999999999976  -0.003601000000000000034  0.1665800000000000058  
-0.8780520000000000547  -0.05624400000000000233  0.2228700000000000125  
-0.8713379999999999459  -0.09612999999999999323  0.2668760000000000021  
-0.7627559999999999896  -0.1341249999999999942  0.5216060000000000141  
-0.7697140000000000093  -0.1680300000000000127  0.6015470000000000539  
-0.8017579999999999707  -0.2294009999999999938  0.59606899999999996  
-0.8534549999999999637  -0.2844389999999999974  0.4544980000000000131  
-0.8408970000000000056  -0.3428649999999999753  0.3110200000000000187  
-0.8041989999999999972  -0.3756869999999999932  0.1982420000000000015  
-0.7651520000000000543  -0.4245760000000000089  0.1567989999999999939  
-0.7145230000000000192  -0.4776610000000000023  0.1995540000000000092  
-0.6734769999999999923  -0.5327610000000000401  0.2880860000000000087  
-0.6591949999999999754  -0.5618739999999999846  0.3840029999999999832  
-0.6428380000000000205  -0.5521700000000000497  0.4428860000000000019  
-0.6060940000000000216  -0.5155640000000000223  0.4025119999999999809  
-0.5674740000000000339  -0.5211029999999999829  0.05436699999999999866  
-0.489196999999999993  -0.6018679999999999586  -0.07630900000000000183  
-0.4622959999999999847  -0.5859529999999999461  -0.1891780000000000128  
-0.437302000000000024  -0.517548000000000008  -0.1906430000000000069  
-0.399841000000000002  -0.5058139999999999858  -0.2173920000000000019  
-0.3693239999999999856  -0.5457309999999999661  -0.2403720000000000023  
-0.3284759999999999902  -0.5519410000000000149  -0.2514500000000000068  
-0.2721250000000000058  -0.5671690000000000342  -0.2847439999999999971  
-0.1552580000000000071  -0.6592710000000000514  -0.3406219999999999803  
-0.03980999999999999817  -0.7523039999999999727  -0.4258270000000000111  
0.02594000000000000125  -0.8857420000000000293  -0.5128479999999999706  
0.243378000000000011  -1.06169099999999994  -0.7313079999999999581  
0.3552859999999999907  -1.096740999999999966  -0.9728090000000000348  
0.2675779999999999825  -1.068557999999999897  -0.8638000000000000123  
0.1732180000000000109  -0.8913419999999999677  -0.700973999999999986  
0.1367490000000000094  -0.7880859999999999532  -0.5275419999999999554  
0.1476590000000000125  -0.776519999999999988  -0.3818050000000000055  
0.1660770000000000024  -0.7529449999999999754  -0.3004000000000000004  
0.1913600000000000023  -0.7015989999999999727  -0.2207949999999999913  
0.3189540000000000153  -0.653838999999999948  -0.1795960000000000056  
0.4636689999999999978  -0.6102750000000000119  -0.0922089999999999993  
0.6689610000000000278  -0.5420989999999999975  -0.08685299999999999965  
0.9151610000000000023  -0.5507969999999999811  -0.05065900000000000264  
1.028534000000000059  -0.6102290000000000214  -0.03329499999999999821  
1.012893999999999961  -0.5832519999999999927  -0.04423499999999999654  
0.9680630000000000068  -0.5631559999999999899  -0.002945000000000000135  
0.9021609999999999907  -0.5022739999999999982  0.08299299999999999733  
0.8450929999999999831  -0.4384310000000000151  0.1632540000000000102  
0.8229370000000000296  -0.3737789999999999724  0.2196349999999999969  
0.8589020000000000543  -0.2935940000000000216  0.2418059999999999932  
0.8638919999999999932  -0.2737729999999999886  0.2526550000000000185  
0.8782039999999999846  -0.3096309999999999896  0.2450259999999999938  
0.9341890000000000471  -0.3339690000000000158  0.3123319999999999985  
1.049255000000000049  -0.3329159999999999897  0.3854980000000000073  
1.232772999999999897  -0.3114009999999999834  0.4451450000000000129  
1.332290999999999892  -0.3914949999999999819  0.3958590000000000164  
1.265960999999999892  -0.4375459999999999905  0.2843319999999999736  
1.11915600000000004  -0.4561609999999999832  0.1461490000000000011  
1.048858999999999986  -0.3998260000000000147  0.0356899999999999995  
1.011214999999999975  -0.3417970000000000175  -0.02832000000000000142  
0.9850309999999999899  -0.3207240000000000091  -0.04240399999999999725  
0.9580840000000000467  -0.2778630000000000266  -0.004683999999999999796  
1.006699000000000011  -0.1871490000000000098  0.1788790000000000102  
1.006836000000000064  -0.1162569999999999992  0.009017999999999999974  
1.133652000000000104  -0.1178130000000000011  -0.1413270000000000082  
1.38382000000000005  -0.2001499999999999946  -0.05633500000000000313  
1.308777000000000079  -0.2151790000000000092  -0.2490080000000000071  
1.41174299999999997  -0.1899869999999999892  -0.2756500000000000061  
1.261779999999999902  0.01315299999999999976  -0.4976200000000000068  
1.202835000000000099  -0.06245400000000000257  -0.7467960000000000154  
1.094772000000000078  -0.1447299999999999975  -0.9909210000000000518  
1.087920999999999916  -0.1324619999999999964  -1.138519000000000059  
0.9604190000000000227  0.004517000000000000182  -1.140395999999999965  
0.9390260000000000273  -0.02239999999999999977  0.01679999999999999896  
0.6560359999999999525  -0.0551610000000000017  -0.5494839999999999725  
0.4125980000000000203  -0.02520800000000000124  -0.796630999999999978  
0.06487999999999999323  0.1823120000000000018  -1.054016000000000064  
-0.1267089999999999883  0.4014889999999999848  -1.18185399999999996  
-0.2038570000000000104  0.5072330000000000449  -1.115555000000000074  
-0.354553000000000007  0.4356229999999999825  -1.077072000000000029  
-0.687180000000000013  0.4828189999999999982  -0.6935729999999999951  
-0.9843140000000000223  0.6301569999999999672  -0.3035129999999999773  
-0.8897249999999999881  0.5870509999999999895  -0.4358520000000000172  
-0.7431640000000000468  0.4068300000000000249  -0.765869000000000022  
-0.5991969999999999796  0.2360839999999999883  -0.8458400000000000363  
-0.4681089999999999973  0.2454679999999999918  -0.5154720000000000413  
-0.4734340000000000215  0.2717589999999999728  -0.2009579999999999977  
-0.7212830000000000075  0.3296810000000000018  -0.01731900000000000106  
-0.8567660000000000275  0.2654880000000000018  -0.254043999999999992  
-0.9976040000000000463  0.383774000000000004  -0.2991489999999999982  
-1.065841999999999956  0.3903200000000000003  -0.3588560000000000083  
-1.054367000000000054  0.4289089999999999847  -0.3097840000000000038  
-1.023986999999999981  0.4373319999999999985  -0.143219000000000013  
-0.9700929999999999831  0.39511099999999999  -0.08474700000000000288  
-0.9180760000000000032  0.3380739999999999856  -0.05760200000000000042  
-0.8576510000000000522  0.3077389999999999848  -0.005904999999999999659  
-0.8276059999999999528  0.2439270000000000049  -0.004517000000000000182  
-0.846161000000000052  0.1696620000000000072  -0.07913199999999999401  
-0.8984529999999999461  0.1571660000000000001  -0.1073609999999999981  
-0.9925380000000000313  0.225281000000000009  -0.06091300000000000187  
-1.118759000000000059  0.2757109999999999839  0.0005800000000000000034  
-1.078948999999999936  0.315062999999999982  0.06477399999999999824  
-1.010421999999999931  0.314529000000000003  0.09323099999999999443  
-0.922363000000000044  0.2583010000000000028  0.08677700000000000691  
-0.8342289999999999983  0.1643979999999999886  0.04312099999999999961  
-0.7259219999999999562  0.06860399999999999832  -0.1398320000000000118  
-0.5069430000000000325  -0.07195999999999999619  -0.6444849999999999746  
-0.6221619999999999928  -0.2489319999999999866  -0.7159269999999999801  
-0.7695920000000000538  0.08873000000000000331  -0.1092530000000000029  
-0.9301760000000000028  0.1429140000000000132  0.1705019999999999869  
-0.8333589999999999609  0.08673100000000000254  0.1104429999999999995  
-0.819228999999999985  -0.0003359999999999999814  -0.1189879999999999965  
-0.8248290000000000344  0.02566500000000000031  -0.1962129999999999985  
-0.8155210000000000514  0.04737899999999999751  -0.1559599999999999875  
-0.7883609999999999784  0.01532000000000000028  -0.114547999999999997  
-0.6994930000000000314  -0.1046750000000000042  -0.0233919999999999996  
-0.6614989999999999482  -0.1796260000000000079  0.0562290000000000012  
-0.6494600000000000373  -0.2272490000000000065  -0.02275100000000000039  
-0.6729429999999999579  -0.2537989999999999968  -0.08959999999999999909  
-0.7707060000000000022  -0.2480469999999999897  -0.1507259999999999989  
-0.8453370000000000051  -0.1827390000000000125  -0.2602999999999999758  
-0.9121399999999999508  -0.127472000000000002  -0.3413999999999999813  
-0.9681849999999999623  -0.1250759999999999927  -0.3559720000000000106  
-0.9110570000000000057  -0.1481929999999999914  -0.4166409999999999836  
-0.8627780000000000449  -0.1544040000000000135  -0.4598240000000000105  
-0.8555760000000000032  -0.1573029999999999984  -0.5281069999999999931  
-0.7880399999999999627  -0.1598209999999999908  -0.4938049999999999939  
-0.5586550000000000127  -0.1504209999999999992  -0.4969180000000000264  
-0.6402280000000000193  -0.1386409999999999865  -0.6555180000000000451  
-0.6757050000000000001  -0.02238499999999999865  -0.5123290000000000344  
-0.6743930000000000202  0.07920800000000000063  -0.6479489999999999972  
-0.6765590000000000215  0.1121059999999999973  -0.7114559999999999773  
-0.644622999999999946  0.1537630000000000108  -0.7704619999999999802  
-0.6354220000000000423  0.1627200000000000035  -0.8113399999999999501  
-0.6557460000000000511  0.1459199999999999942  -0.7940979999999999706  
-0.6322480000000000322  0.09930400000000000338  -0.9129639999999999977  
-0.5968170000000000419  0.1190189999999999998  -0.9534000000000000252  
-0.5422820000000000418  0.1206669999999999965  -0.9759670000000000289  
-0.4430239999999999734  0.1329349999999999976  -0.9860689999999999733  
-0.3777010000000000089  0.1790920000000000012  -0.9312129999999999574  
-0.3598180000000000267  0.165024000000000004  -0.9075159999999999894  
-0.2943569999999999798  0.1199339999999999989  -0.9446109999999999784  
-0.2070919999999999983  0.1473540000000000127  -1.037932999999999995  
-0.185699000000000003  0.2010800000000000087  -1.143005000000000049  
-0.1932069999999999899  0.1941829999999999945  -1.149002000000000079  
-0.2197109999999999896  0.1254879999999999884  -1.000061000000000089  
-0.2323149999999999937  0.06904599999999999627  -1.05796800000000002  
-0.2676089999999999858  0.1173399999999999999  -1.23921199999999998  
-0.3391109999999999958  0.1297449999999999992  -1.236434999999999951  
-0.2819209999999999772  0.1590729999999999922  -1.188582999999999945  
-0.2240139999999999909  0.178513000000000005  -1.158309999999999951  
-0.1778109999999999968  0.1880650000000000099  -1.113601999999999981  
-0.1510620000000000018  0.2195890000000000064  -1.075989000000000084  
-0.164794999999999997  0.2365420000000000023  -1.060562000000000005  
-0.07443199999999999816  0.1327669999999999961  -1.154984000000000011  
0.004074000000000000364  0.01698300000000000157  -1.161682000000000103  
-0.02804600000000000148  0.003922000000000000139  -0.9805150000000000254  
-0.1054530000000000051  0.005263999999999999582  -0.8948209999999999775  
-0.1374360000000000026  -0.0004119999999999999856  -0.9139100000000000001  
-0.1344299999999999939  -0.008285999999999999963  -0.9578250000000000375  
-0.1315459999999999963  -0.01419100000000000049  -0.9988249999999999629  
-0.08548000000000000043  -0.03626999999999999669  -1.04888899999999996  
-0.1056369999999999948  -0.02421600000000000141  -1.049209999999999976  
-0.1501770000000000049  0.000916000000000000039  -1.039169000000000009  
-0.134338000000000013  0.004775999999999999863  -1.050597999999999921  
-0.108032000000000003  -0.02223199999999999829  -1.029708999999999985  
-0.07598900000000000099  -0.05435199999999999754  -0.9852750000000000119  
-0.0651700000000000057  -0.08825700000000000212  -0.9655909999999999771  
-0.05571000000000000257  -0.09036299999999999888  -0.9361570000000000169  
-0.05172700000000000214  -0.08650199999999999556  -0.8901670000000000416  
-0.06072999999999999926  -0.1092989999999999934  -0.8874049999999999994  
0.02903700000000000031  -0.1464999999999999913  -0.9836880000000000068  
0.05175799999999999845  -0.133667000000000008  -1.015533000000000019  
0.03457600000000000257  -0.1157379999999999937  -0.972824000000000022  
0.01585400000000000004  -0.1186070000000000041  -0.9653169999999999806  
0.02186600000000000002  -0.1404720000000000135  -0.9789280000000000204  
0.0130460000000000003  -0.1027070000000000066  -0.9516599999999999504  
0.04246500000000000274  -0.1018219999999999958  -1.004912999999999945  
0.0991360000000000019  -0.1389769999999999894  -1.006972999999999896  
0.07179299999999999571  -0.1695709999999999995  -1.011352999999999946  
-0.03450000000000000289  -0.1529850000000000099  -1.00035099999999999  
-0.1132510000000000044  -0.1702879999999999949  -1.025085000000000024  
-0.1577149999999999941  -0.2166899999999999937  -1.029770000000000074  
-0.1712799999999999878  -0.2245640000000000136  -1.027084000000000108  
-0.2047420000000000073  -0.1914980000000000016  -1.046143000000000045  
-0.2132570000000000021  -0.1537020000000000053  -1.037430000000000074  
-0.2194059999999999899  -0.1278380000000000072  -1.023819000000000035  
-0.2112429999999999863  -0.1248780000000000029  -1.047118999999999911  
-0.1437990000000000101  -0.1520080000000000042  -1.126174999999999926  
-0.09042400000000000437  -0.2188869999999999982  -1.157653999999999961  
-0.1163789999999999963  -0.2764130000000000198  -1.12298600000000004  
-0.1933749999999999913  -0.2998500000000000054  -1.064651000000000014  
-0.2918089999999999851  -0.2773280000000000189  -1.066208000000000045  
-0.3667909999999999782  -0.2171629999999999949  -1.083938999999999986  
-0.393112000000000017  -0.01013200000000000038  -1.164215  
-0.473113999999999979  0.02719099999999999989  -1.181090999999999891  
-0.5284419999999999673  0.01469400000000000046  -1.205429000000000084  
-0.5720210000000000017  1.500000000000000038e-05  -1.158309999999999951  
-0.6199189999999999978  -0.04165599999999999858  -1.029204999999999925  
-0.6161499999999999755  -0.107574000000000003  -0.8680419999999999803  
-0.5344240000000000101  -0.09649699999999999944  -0.712357000000000018  
-0.4330749999999999877  -0.080367999999999995  -0.6794430000000000192  
-0.4322050000000000058  -0.07815600000000000325  -0.7956699999999999884  
-0.5594639999999999613  -0.07530199999999999394  -0.7967379999999999463  
-0.6985780000000000323  -0.05664099999999999691  -0.7149510000000000032  
-0.8265689999999999982  -0.04499800000000000327  -0.6349489999999999856  
-0.940062999999999982  -0.02938800000000000093  -0.6045070000000000165  
-0.9870910000000000517  -0.03590399999999999842  -0.6648709999999999898  
-0.8904879999999999463  -0.3095700000000000118  -0.8004299999999999748  
-0.8283840000000000092  -0.3251040000000000041  -0.7056729999999999947  
-0.776428000000000007  -0.2621609999999999774  -0.5396419999999999551  
-0.7326510000000000522  -0.2309269999999999934  -0.4011540000000000106  
-0.7845309999999999784  -0.1938320000000000043  -0.3912050000000000249  
-0.8880160000000000275  -0.1869049999999999878  -0.5257260000000000266  
-0.9401249999999999885  -0.2670290000000000163  -0.5266570000000000418  
-0.9091489999999999849  -0.365783999999999998  -0.4413150000000000128  
-0.8432460000000000511  -0.4161679999999999824  -0.3182070000000000176  
-0.7305300000000000127  -0.4418489999999999918  -0.2792970000000000175  
-0.7030180000000000318  -0.3776249999999999885  -0.1859439999999999982  
-0.7888180000000000192  -0.2599489999999999856  -0.1022190000000000043  
-0.818892999999999982  -0.2308499999999999996  -0.138808999999999988  
-0.9382930000000000437  -0.3306580000000000075  -0.02166699999999999876  
-0.9390720000000000178  -0.2860409999999999897  0.03990199999999999997  
-0.9377590000000000092  -0.1816409999999999969  0.01658600000000000005  
-0.8907319999999999682  -0.1104890000000000039  0.04576100000000000306  
-0.8437649999999999872  -0.05229199999999999821  0.1091460000000000069  
-0.8142399999999999638  -0.02179000000000000034  0.1614230000000000109  
-0.8222660000000000524  -0.03161599999999999827  0.1329500000000000126  
-0.8477170000000000538  -0.068114999999999995  0.08755499999999999394  
-0.904326999999999992  -0.08464099999999999402  0.09248399999999999677  
-0.9595029999999999948  -0.09324599999999999556  0.1101379999999999998  
-0.9808350000000000124  -0.1050419999999999965  0.1166380000000000056  
-0.9656679999999999708  -0.09832799999999999874  0.1950230000000000019  
-0.8827359999999999651  -0.06716900000000000648  0.2335210000000000063  
-0.8684539999999999482  -0.06033299999999999774  0.2474520000000000053  
-0.8497310000000000141  -0.06845099999999999796  0.2662809999999999899  
-0.8762360000000000149  -0.06326299999999999979  0.2492679999999999896  
-0.8540039999999999853  -0.08520500000000000296  0.2075960000000000027  
-0.8137510000000000021  -0.1143190000000000039  0.2267609999999999904  
-0.7936250000000000249  -0.1076509999999999967  0.3023219999999999796  
-0.7501219999999999555  -0.1100460000000000049  0.3596799999999999997  
-0.7514950000000000241  -0.09312399999999999844  0.3450159999999999894  
-0.7848049999999999748  -0.0790099999999999969  0.3581849999999999756  
-0.7984470000000000178  -0.05194100000000000106  0.2866969999999999796  
-0.8328860000000000152  -0.0685420000000000057  0.2616729999999999889  
-0.8816829999999999945  -0.1029970000000000052  0.2530359999999999832  
-0.9289699999999999624  -0.1185149999999999954  0.2278290000000000037  
-0.9326020000000000421  -0.1223299999999999943  0.1593930000000000069  
-0.9629820000000000046  -0.09317000000000000282  0.08271799999999999986  
-1.043427000000000104  -0.03691099999999999937  0.04731799999999999895  
-1.084457000000000004  0.005112000000000000224  0.04571499999999999869  
-1.035857999999999945  0.07842999999999999972  -0.02174399999999999944  
-1.042877000000000054  0.2138519999999999865  -0.1486820000000000086  
-1.084762999999999922  0.3574979999999999825  -0.2722470000000000168  
-1.01149  0.4376680000000000015  -0.3588870000000000116  
-0.9084630000000000205  0.4360350000000000059  -0.3836209999999999898  
-0.8389739999999999975  0.4405979999999999897  -0.4225309999999999899  
-0.8177489999999999482  0.5160219999999999807  -0.4504239999999999911  
-0.8088840000000000474  0.5994869999999999921  -0.4658050000000000246  
-0.8487240000000000339  0.6763310000000000155  -0.4995729999999999893  
-0.8133850000000000247  0.7089079999999999826  -0.5077359999999999651  
-0.6997679999999999456  0.8213810000000000278  -0.4852449999999999819  
-0.5946200000000000374  0.8961639999999999606  -0.4609989999999999921  
-0.5350489999999999968  0.8778380000000000072  -0.4444119999999999737  
-0.5013579999999999703  0.8833919999999999551  -0.3510739999999999972  
-0.4717709999999999959  0.9157870000000000177  -0.2489470000000000016  
-0.4714360000000000217  0.9584049999999999514  -0.1912540000000000073  
-0.4297030000000000016  0.9429629999999999956  -0.05871599999999999736  
-0.4268799999999999817  0.9073329999999999451  -0.144684000000000007  
-0.4153749999999999942  0.8942259999999999653  -0.09567299999999999416  
-0.3754120000000000235  0.9436039999999999983  -0.0646970000000000045  
-0.3505860000000000087  0.9403380000000000072  -0.009582999999999999505  
-0.3294529999999999959  0.8903200000000000003  0.07955900000000000472  
-0.3095249999999999946  0.8771210000000000395  0.1560670000000000113  
-0.3182980000000000254  0.875091999999999981  0.2125849999999999962  
-0.3083799999999999875  0.8730320000000000302  0.2137149999999999883  
-0.2769929999999999892  0.8728029999999999955  0.2239839999999999887  
-0.252562999999999982  0.8576510000000000522  0.2712550000000000239  
-0.1776280000000000081  0.7863620000000000054  0.3749540000000000095  
-0.1703189999999999982  0.7424469999999999681  0.451218000000000008  
-0.1771389999999999909  0.7384030000000000316  0.5145870000000000166  
-0.1666259999999999963  0.734299000000000035  0.5430760000000000032  
-0.154220999999999997  0.7263030000000000319  0.5276490000000000347  
-0.1598050000000000026  0.7263640000000000096  0.5080109999999999904  
-0.1646880000000000011  0.7333979999999999944  0.4893799999999999817  
-0.1895449999999999913  0.7415159999999999529  0.4831389999999999851  
-0.2139890000000000125  0.7605739999999999723  0.4856869999999999798  
-0.2316130000000000133  0.7745670000000000055  0.5049590000000000467  
-0.2031399999999999872  0.7843480000000000452  0.4897920000000000051  
-0.1758419999999999983  0.7911070000000000046  0.4931949999999999945  
-0.1636809999999999932  0.7572330000000000449  0.4913790000000000102  
-0.1761020000000000085  0.7543640000000000345  0.4765320000000000111  
-0.1726380000000000137  0.7444150000000000489  0.4677890000000000104  
-0.1725160000000000027  0.7961120000000000418  0.4590609999999999968  
-0.1889039999999999886  0.8409579999999999833  0.4510350000000000192  
-0.2004700000000000093  0.8370670000000000055  0.4449919999999999987  
-0.2032930000000000015  0.7904210000000000402  0.4263000000000000123  
-0.1581879999999999953  0.8260189999999999477  0.3596650000000000125  
-0.1619420000000000026  0.8538970000000000171  0.3440250000000000252  
-0.1411590000000000067  0.8409119999999999928  0.3091889999999999916  
-0.1665949999999999931  0.8620759999999999534  0.2501829999999999887  
-0.1867520000000000013  0.8424380000000000202  0.2039179999999999882  
-0.1535340000000000038  0.8793330000000000313  0.01986699999999999924  
-0.2530979999999999897  1.021285999999999916  -0.07041899999999999549  
-0.2828519999999999923  1.096100000000000074  -0.114777000000000004  
-0.2460779999999999912  1.121841000000000088  -0.1903380000000000072  
-0.2103119999999999989  1.049102999999999897  -0.2162320000000000075  
-0.194015999999999994  0.9276280000000000081  -0.144791000000000003  
-0.1926269999999999927  0.7903590000000000337  -0.08929399999999999837  
-0.1742859999999999965  0.696060000000000012  -0.2014469999999999872  
-0.2667539999999999911  0.7177729999999999944  -0.3221129999999999827  
-0.3454280000000000128  0.7294310000000000516  -0.4181059999999999777  
-0.3566280000000000006  0.6731260000000000021  -0.5609889999999999599  
-0.4097290000000000099  0.5901030000000000442  -0.6127470000000000416  
-0.4248500000000000054  0.4648740000000000094  -0.5408629999999999827  
-0.386261000000000021  0.1712950000000000028  -0.4634400000000000186  
-0.4076839999999999908  0.1038209999999999966  -0.4423830000000000262  
-0.433089999999999975  0.04957600000000000201  -0.5659480000000000066  
-0.4696659999999999724  0.06599399999999999711  -0.7150119999999999809  
-0.5207979999999999832  0.06736799999999999733  -0.7256010000000000515  
-0.5364989999999999482  0.07348599999999999577  -0.7444309999999999539  
-0.5467680000000000318  0.06562800000000000578  -0.7602079999999999949  
-0.551285000000000025  0.03587300000000000211  -0.7749789999999999734  
-0.5765379999999999949  -0.06013500000000000095  -0.8702550000000000008  
-0.5753169999999999673  -0.1842189999999999939  -0.9524690000000000101  
-0.5906369999999999676  -0.2626950000000000118  -0.9176480000000000192  
-0.6399380000000000068  -0.2167820000000000025  -0.8451229999999999576  
-0.6183319999999999927  -0.1105959999999999999  -0.8495179999999999954  
-0.5568079999999999696  -0.05529799999999999993  -0.8826450000000000129  
-0.5096129999999999827  -0.0566100000000000006  -0.8721160000000000023  
-0.5236210000000000031  -0.1023410000000000014  -0.8128049999999999997  
-0.5397189999999999488  -0.1629329999999999945  -0.7730869999999999687  
-0.5303039999999999976  -0.232574000000000003  -0.7632600000000000495  
-0.4852139999999999787  -0.2567599999999999882  -0.7508390000000000342  
-0.4399259999999999837  -0.2460940000000000072  -0.7715760000000000396  
-0.4135590000000000099  -0.2333220000000000016  -0.7867889999999999606  
-0.3042759999999999909  -0.2468410000000000049  -0.8631900000000000128  
-0.2098389999999999977  -0.2602539999999999853  -0.9378809999999999647  
-0.227736999999999995  -0.236281999999999992  -0.9254149999999999876  
-0.2839360000000000217  -0.2200620000000000076  -0.9038540000000000463  
-0.3296200000000000241  -0.1969299999999999939  -0.8772130000000000205  
-0.3268590000000000106  -0.2058560000000000112  -0.9045260000000000522  
-0.3225250000000000061  -0.207839999999999997  -0.9230190000000000339  
-0.309937000000000018  -0.1811220000000000052  -0.9120329999999999826  
-0.3232570000000000165  -0.1581120000000000025  -0.9337159999999999904  
-0.3378140000000000032  -0.1361539999999999973  -0.9397889999999999855  
-0.3296359999999999846  -0.1123350000000000043  -0.953292999999999946  
-0.3026889999999999858  -0.1224520000000000053  -0.9509119999999999795  
-0.2536010000000000209  -0.1495360000000000023  -0.9921569999999999556  
-0.2081300000000000094  -0.140854000000000007  -1.018767999999999896  
-0.1662599999999999911  -0.08740199999999999358  -1.053191999999999906  
-0.158828999999999998  -0.03871200000000000335  -1.078400000000000025  
-0.1315769999999999995  -0.01794400000000000162  -1.105301000000000089  
-0.1025390000000000051  -0.005249000000000000193  -1.101882999999999946  
-0.06347700000000000564  0.01536599999999999945  -1.12661699999999998  
-0.04371599999999999792  0.04608199999999999796  -1.141907000000000005  
-0.07160900000000000598  0.09379600000000000437  -1.057296999999999931  
-0.06454500000000000515  0.1127319999999999989  -1.110900999999999916  
-0.0390619999999999995  0.07374600000000000599  -1.070480000000000098  
-0.02761800000000000019  0.04577599999999999725  -1.042983999999999911  
0.05657999999999999835  0.04313700000000000173  -1.003525  
-0.08642600000000000282  -0.02418500000000000164  -1.136825999999999892  
0.01280199999999999914  -0.1247859999999999941  -1.356125000000000025  
0.08044400000000000162  -0.2645719999999999739  -1.249695  
0.03768900000000000028  -0.1491240000000000065  -1.198471000000000064  
0.003677000000000000147  -0.0866389999999999938  -1.018204000000000109  
0.008087000000000000438  -0.08671600000000000141  -0.9868770000000000042  
0.0369569999999999968  -0.1078339999999999993  -0.9571380000000000443  
0.05946400000000000297  -0.09703100000000000613  -0.9723969999999999558  
0.05252099999999999824  -0.07214399999999999979  -0.9675899999999999501  
0.03189100000000000268  -0.06211900000000000061  -0.9356689999999999729  
0.01252699999999999994  -0.04908799999999999969  -0.9262080000000000313  
-0.02220199999999999951  -0.1034550000000000053  -0.9649199999999999999  
-0.0119780000000000008  -0.1501460000000000017  -0.9960780000000000189  
-0.04809599999999999986  -0.1190340000000000009  -1.030823000000000045  
-0.03066999999999999935  -0.1150820000000000037  -1.079390999999999989  
-0.007461999999999999883  -0.0765839999999999993  -1.023269999999999902  
0.0104370000000000001  -0.07870499999999999718  -1.026885999999999965  
0.01399199999999999923  -0.06390400000000000247  -0.9799350000000000005  
0.02639800000000000132  -0.05705299999999999955  -0.9728700000000000125  
0.008758999999999999425  -0.06092800000000000299  -0.9682770000000000543  
-0.01214600000000000055  -0.07663000000000000367  -0.97938499999999995  
-0.0312039999999999991  -0.08644100000000000394  -0.9963070000000000537  
-0.04493699999999999778  -0.08732600000000000084  -0.997512999999999983  
-0.05512999999999999845  -0.07333399999999999641  -1.010375999999999941  
-0.04952999999999999764  -0.05766299999999999898  -0.9096070000000000544  
-0.04441799999999999915  -0.05976900000000000268  -0.8577730000000000077  
-0.01763899999999999843  -0.07012899999999999689  -1.252029000000000059  
-0.06803900000000000226  -0.05828900000000000053  -1.03886400000000001  
-0.1438599999999999879  -0.0527649999999999994  -1.05670200000000003  
-0.274643000000000026  0.07963599999999999846  -0.7352910000000000279  
-0.1567379999999999884  -0.02442899999999999933  -0.7657779999999999587  
-0.1844020000000000103  -0.01513699999999999941  -0.8433690000000000353  
-0.1496580000000000132  0.02101099999999999843  -1.173934999999999951  
-0.07539400000000000268  -0.05073500000000000232  -0.7947539999999999605  
-0.06955000000000000071  -0.0638579999999999981  -1.228409000000000084  
-0.07893400000000000416  -0.07517999999999999683  -0.9980620000000000047  
-0.1212310000000000054  -0.06201199999999999768  -0.9752499999999999503  
-0.1456600000000000117  -0.0439760000000000012  -0.9697879999999999834  
-0.1338650000000000118  -0.04505900000000000183  -0.9647059999999999524  
-0.1153560000000000002  -0.05407700000000000007  -0.9898069999999999924  
-0.1009219999999999978  -0.06307999999999999718  -1.007171999999999956  
-0.0952910000000000007  -0.05915800000000000225  -1.000229000000000035  
-0.08004799999999999416  -0.04634100000000000025  -0.9970550000000000246  
-0.09156799999999999662  -0.03736899999999999944  -0.9767000000000000126  
-0.09655800000000000494  -0.03533900000000000236  -0.9787289999999999601  
-0.091507000000000005  -0.03636199999999999849  -0.9825589999999999602  
-0.08436599999999999655  -0.03938300000000000134  -0.9902649999999999508  
-0.08026099999999999901  -0.04338100000000000289  -0.99117999999999995  
-0.08557099999999999429  -0.03738400000000000056  -0.982468000000000008  
-0.08750900000000000345  -0.03639200000000000074  -0.9864039999999999475  
-0.082626000000000005  -0.03741499999999999687  -0.9814610000000000278  
-0.08538800000000000556  -0.03836099999999999927  -0.9902800000000000491  
-0.08154300000000000437  -0.03739900000000000169  -0.9882659999999999778  
-0.08413700000000000345  -0.04234299999999999869  -0.9971010000000000151  
-0.08543399999999999606  -0.04235799999999999982  -0.9785610000000000142  
-0.08837899999999999923  -0.04135099999999999887  -0.9825129999999999697  
-0.0855260000000000048  -0.03637699999999999961  -0.9873499999999999499  
-0.08253499999999999726  -0.03840600000000000264  -0.984375  
-0.08134500000000000064  -0.03837600000000000039  -0.9970550000000000246  
-0.08650199999999999556  -0.03637699999999999961  -0.9883420000000000538  
-0.08653299999999999881  -0.03639200000000000074  -0.9863889999999999603  
-0.08648699999999999444  -0.03837600000000000039  -0.9844359999999999777  
-0.08532700000000000007  -0.04035899999999999904  -0.9893039999999999612  
-0.08915700000000000014  -0.04431199999999999722  -0.9874270000000000547  
-0.08445700000000000429  -0.03837600000000000039  -0.9873349999999999627  
-0.0874790000000000012  -0.03738400000000000056  -0.9864039999999999475  
-0.08630400000000000571  -0.04035899999999999904  -0.9902950000000000363  
-0.08338900000000000479  -0.04138200000000000212  -0.9863429999999999698  
-0.08837899999999999923  -0.03935199999999999809  -0.9873960000000000514  
-0.08543399999999999606  -0.03437799999999999884  -0.9971160000000000023  
-0.08724999999999999423  -0.03834499999999999714  -0.9971470000000000056  
-0.08653299999999999881  -0.03738400000000000056  -0.9844359999999999777  
-0.0854639999999999983  -0.03837600000000000039  -0.986373999999999973  
-0.08346599999999999853  -0.04039000000000000229  -0.9834140000000000104  
-0.08724999999999999423  -0.03834499999999999714  -0.9971470000000000056  
-0.08352700000000000402  -0.03939800000000000246  -0.9824370000000000047  
-0.08251999999999999613  -0.03840600000000000264  -0.9853520000000000056  
-0.08265699999999999437  -0.03443899999999999739  -0.9863279999999999825  
-0.08352700000000000402  -0.03839100000000000151  -0.9843899999999999872  
-0.07766699999999999993  -0.03645299999999999929  -0.9852750000000000119  
-0.08445700000000000429  -0.03837600000000000039  -0.9873349999999999627  
-0.08828700000000000436  -0.04234299999999999869  -0.9854429999999999579  
-0.08229100000000000303  -0.03938300000000000134  -0.9970700000000000118  
-0.08732600000000000084  -0.03936800000000000022  -0.9903110000000000523  
-0.0825649999999999995  -0.03840600000000000264  -0.9824220000000000175  
-0.0864110000000000017  -0.04037500000000000117  -0.9844359999999999777  
-0.08447300000000000642  -0.03839100000000000151  -0.9863589999999999858  
-0.08340500000000000691  -0.04237400000000000194  -0.9824370000000000047  
-0.0874790000000000012  -0.03637699999999999961  -0.9883579999999999588  
-0.08430500000000000493  -0.04037500000000000117  -0.9912410000000000387  
-0.08346599999999999853  -0.04039000000000000229  -0.9834140000000000104  
-0.08525099999999999345  -0.03935199999999999809  -0.9971160000000000023  
-0.08543399999999999606  -0.03938300000000000134  -0.986373999999999973  
-0.08665499999999999592  -0.03340100000000000013  -0.9863889999999999603  
-0.08418299999999999395  -0.04135099999999999887  -0.9971010000000000151  
-0.08459500000000000353  -0.03640700000000000186  -0.9834289999999999976  
-0.08444200000000000317  -0.03837600000000000039  -0.9883119999999999683  
-0.08247400000000000564  -0.03839100000000000151  -0.9882809999999999651  
-0.08451799999999999591  -0.03739900000000000169  -0.9863589999999999858  
-0.08544899999999999718  -0.04037500000000000117  -0.982468000000000008  
-0.08331299999999999817  -0.03836099999999999927  -0.9970860000000000278  
-0.08352700000000000402  -0.03939800000000000246  -0.9824370000000000047  
-0.08453399999999999803  -0.03839100000000000151  -0.982451999999999992  
-0.08227500000000000091  -0.04237400000000000194  -0.9902339999999999476  
-0.0845790000000000014  -0.03640700000000000186  -0.9844060000000000032  
-0.08349600000000000077  -0.03839100000000000151  -0.9863429999999999698  
-0.08250399999999999401  -0.03840600000000000264  -0.9863279999999999825  
-0.08564800000000000191  -0.03338599999999999901  -0.9873499999999999499  
-0.08459500000000000353  -0.03541600000000000303  -0.9863589999999999858  
-0.08665499999999999592  -0.03340100000000000013  -0.9863889999999999603  
-0.08355700000000000627  -0.03639200000000000074  -0.9873199999999999754  
-0.08441200000000000092  -0.04039000000000000229  -0.9853819999999999801  
-0.08540300000000000669  -0.03536999999999999866  -0.9971160000000000023  
-0.0843959999999999988  -0.04039000000000000229  -0.9863589999999999858  
-0.08047500000000000486  -0.03941299999999999665  -0.9882509999999999906  
-0.08743299999999999683  -0.03837600000000000039  -0.9864039999999999475  
-0.08247400000000000564  -0.04040500000000000341  -0.9833979999999999944  
-0.08354200000000000514  -0.03639200000000000074  -0.9882969999999999811  
-0.08254999999999999838  -0.03741499999999999687  -0.9863279999999999825  
-0.08543399999999999606  -0.03938300000000000134  -0.986373999999999973  
-0.08548000000000000043  -0.03938300000000000134  -0.9834439999999999849  
-0.08828700000000000436  -0.04133599999999999774  -0.988372999999999946  
-0.08241300000000000014  -0.04039000000000000229  -0.9873049999999999882  
-0.08157300000000000662  -0.03640700000000000186  -0.9882659999999999778  
-0.08436599999999999655  -0.04037500000000000117  -0.9883119999999999683  
-0.08645600000000000507  -0.03938300000000000134  -0.9844359999999999777  
-0.08348099999999999965  -0.03837600000000000039  -0.9873199999999999754  
-0.08453399999999999803  -0.03739900000000000169  -0.9853819999999999801  
-0.08648699999999999444  -0.03736899999999999944  -0.9873659999999999659  
-0.0825649999999999995  -0.03541600000000000303  -0.9892579999999999707  
-0.08453399999999999803  -0.03540000000000000091  -0.9892879999999999452  
-0.0835110000000000019  -0.03939800000000000246  -0.9834140000000000104  
-0.08543399999999999606  -0.03736899999999999944  -0.9902800000000000491  
